5639
708	11996	4	1
709	11996	4	1
709	11997	4	1
709	11998	4	1
710	11996	4	1
710	11997	4	1
710	11999	4	1
710	12000	4	1
710	12001	4	1
711	11998	4	1
711	12002	4	1
712	11996	4	1
713	12002	4	1
714	11997	4	1
714	11998	4	1
714	12000	4	1
714	12001	4	1
715	12000	4	1
715	12001	4	1
715	12003	4	1
716	11997	4	1
716	12001	4	1
717	11997	4	1
717	11998	4	1
717	12002	4	1
717	12003	4	1
717	12004	4	1
717	12005	4	1
718	11996	4	1
718	12000	4	1
718	12001	4	1
718	12006	4	1
719	12007	4	1
720	11997	4	1
720	12000	4	1
720	12001	4	1
720	12004	4	1
720	12008	4	1
721	12000	4	1
721	12001	4	1
722	12001	4	1
723	12004	4	1
724	12001	4	1
724	12004	4	1
725	12002	4	1
726	11997	4	1
726	12001	4	1
727	11998	4	1
727	12000	4	1
727	12001	4	1
727	12006	4	1
728	11997	4	1
728	11998	4	1
728	12001	4	1
728	12004	4	1
728	12009	4	1
728	12010	4	1
729	11997	4	1
729	12000	4	1
729	12001	4	1
730	12007	4	1
731	12007	4	1
732	11997	4	1
732	11998	4	1
732	12000	4	1
732	12003	4	1
733	12000	4	1
734	11997	4	1
734	12000	4	1
734	12004	4	1
735	12007	4	1
736	11997	4	1
736	11998	4	1
736	12001	4	1
736	12004	4	1
736	12011	4	1
737	11997	4	1
738	12006	4	1
739	12000	4	1
740	11997	4	1
740	11999	4	1
740	12000	4	1
740	12008	4	1
741	11997	4	1
741	12000	4	1
742	11997	4	1
742	12011	4	1
743	12007	4	1
744	12000	4	1
744	12001	4	1
744	12004	4	1
744	12012	4	1
745	11996	4	1
745	12000	4	1
745	12001	4	1
746	12001	4	1
746	12010	4	1
747	11997	4	1
747	11998	4	1
747	12010	4	1
747	12013	4	1
748	12014	4	1
749	11997	4	1
749	12000	4	1
749	12004	4	1
750	11996	4	1
750	12001	4	1
751	11997	4	1
751	11998	4	1
752	12010	4	1
753	11997	4	1
753	12000	4	1
754	12004	4	1
754	12009	4	1
754	12015	4	1
755	12010	4	1
756	11997	4	1
756	12000	4	1
756	12001	4	1
756	12016	4	1
757	11997	4	1
757	12000	4	1
757	12001	4	1
757	12004	4	1
757	12011	4	1
758	12007	4	1
759	11997	4	1
759	12000	4	1
759	12008	4	1
759	12017	4	1
760	12007	4	1
761	12007	4	1
762	12002	4	1
763	12007	4	1
764	12011	4	1
765	12007	4	1
766	11997	4	1
766	12000	4	1
766	12001	4	1
767	11996	4	1
768	11997	4	1
768	12000	4	1
768	12004	4	1
768	12016	4	1
769	12001	4	1
770	12007	4	1
771	11996	4	1
772	12001	4	1
772	12004	4	1
772	12006	4	1
773	12001	4	1
774	11996	4	1
774	12000	4	1
774	12002	4	1
775	11997	4	1
775	12000	4	1
775	12002	4	1
775	12004	4	1
775	12010	4	1
775	12015	4	1
775	12018	4	1
775	12019	4	1
776	12000	4	1
776	12001	4	1
777	12000	4	1
777	12001	4	1
778	12007	4	1
779	12000	4	1
779	12020	4	1
780	11997	4	1
780	11998	4	1
780	12000	4	1
780	12004	4	1
780	12009	4	1
780	12021	4	1
780	12022	4	1
781	11997	4	1
781	12000	4	1
781	12001	4	1
781	12004	4	1
781	12008	4	1
782	11996	4	1
782	12001	4	1
783	11997	4	1
783	12010	4	1
784	12010	4	1
785	12007	4	1
786	11996	4	1
786	12001	4	1
786	12006	4	1
786	12010	4	1
787	12007	4	1
788	12007	4	1
789	12000	4	1
789	12001	4	1
789	12010	4	1
789	12023	4	1
789	12024	4	1
790	11997	4	1
791	11997	4	1
791	12000	4	1
791	12001	4	1
791	12004	4	1
792	11997	4	1
792	12000	4	1
792	12004	4	1
793	12000	4	1
793	12001	4	1
794	12007	4	1
795	12001	4	1
796	12001	4	1
797	11997	4	1
797	12000	4	1
798	11997	4	1
798	12000	4	1
799	12007	4	1
800	12007	4	1
801	12001	4	1
801	12002	4	1
802	11997	4	1
802	12001	4	1
802	12004	4	1
802	12011	4	1
802	12015	4	1
803	11997	4	1
803	12000	4	1
803	12014	4	1
804	12001	4	1
805	12010	4	1
806	11997	4	1
806	12000	4	1
806	12001	4	1
806	12004	4	1
806	12008	4	1
806	12010	4	1
806	12015	4	1
807	12001	4	1
808	12007	4	1
809	12001	4	1
809	12025	4	1
810	12001	4	1
811	12014	4	1
812	12007	4	1
813	12007	4	1
814	12001	4	1
815	12006	4	1
816	12000	4	1
816	12001	4	1
816	12015	4	1
816	12016	4	1
817	12007	4	1
818	12001	4	1
819	12007	4	1
820	11997	4	1
820	11999	4	1
820	12000	4	1
821	11996	4	1
821	11997	4	1
821	12000	4	1
821	12001	4	1
822	11997	4	1
823	12001	4	1
823	12004	4	1
823	12006	4	1
823	12016	4	1
824	12001	4	1
825	11998	4	1
825	12001	4	1
826	12007	4	1
827	11997	4	1
827	11998	4	1
827	12008	4	1
827	12010	4	1
828	11997	4	1
828	11998	4	1
828	12000	4	1
828	12001	4	1
829	11997	4	1
830	11996	4	1
831	12001	4	1
832	12001	4	1
833	11996	4	1
834	12007	4	1
835	11996	4	1
835	12001	4	1
836	11996	4	1
836	12001	4	1
837	12000	4	1
837	12001	4	1
838	12000	4	1
838	12001	4	1
839	12007	4	1
840	12004	4	1
841	12001	4	1
841	12006	4	1
841	12014	4	1
842	12000	4	1
843	11997	4	1
843	12000	4	1
844	12026	4	1
845	12007	4	1
846	11998	4	1
846	11999	4	1
846	12001	4	1
846	12018	4	1
847	12000	4	1
847	12004	4	1
848	12000	4	1
848	12001	4	1
848	12011	4	1
848	12020	4	1
849	12001	4	1
850	12006	4	1
851	12001	4	1
852	12001	4	1
853	11998	4	1
853	12006	4	1
854	12007	4	1
855	12007	4	1
856	12007	4	1
857	12006	4	1
858	11996	4	1
858	11999	4	1
858	12000	4	1
858	12001	4	1
858	12006	4	1
859	11996	4	1
859	11997	4	1
859	12001	4	1
859	12002	4	1
860	12001	4	1
861	11996	4	1
861	12000	4	1
861	12001	4	1
862	12027	4	1
863	12001	4	1
864	11996	4	1
864	12002	4	1
865	11997	4	1
865	12004	4	1
866	12002	4	1
867	11997	4	1
867	12000	4	1
867	12020	4	1
867	12028	4	1
868	12001	4	1
869	12007	4	1
870	12007	4	1
871	12007	4	1
872	11997	4	1
872	12000	4	1
872	12001	4	1
872	12004	4	1
872	12008	4	1
872	12011	4	1
872	12026	4	1
872	12029	4	1
873	11997	4	1
873	11998	4	1
873	12000	4	1
873	12001	4	1
873	12004	4	1
873	12008	4	1
873	12011	4	1
873	12016	4	1
874	11997	4	1
874	12000	4	1
875	12007	4	1
876	12026	4	1
877	12007	4	1
878	11997	4	1
879	11996	4	1
879	12002	4	1
880	12007	4	1
881	12007	4	1
882	12007	4	1
883	11997	4	1
883	11999	4	1
883	12000	4	1
883	12001	4	1
883	12004	4	1
883	12011	4	1
883	12020	4	1
884	11997	4	1
885	12002	4	1
886	12020	4	1
887	12010	4	1
888	12007	4	1
889	12004	4	1
889	12011	4	1
890	11996	4	1
891	12001	4	1
892	11998	4	1
892	12002	4	1
893	11996	4	1
893	12000	4	1
893	12001	4	1
893	12011	4	1
894	12001	4	1
895	12001	4	1
896	11997	4	1
896	12003	4	1
897	11996	4	1
897	12001	4	1
898	12001	4	1
898	12002	4	1
899	11997	4	1
899	11998	4	1
899	12002	4	1
899	12010	4	1
900	12007	4	1
901	12007	4	1
902	11997	4	1
902	12000	4	1
902	12004	4	1
902	12011	4	1
903	11996	4	1
903	12001	4	1
903	12006	4	1
904	12000	4	1
905	12000	4	1
906	12007	4	1
907	12027	4	1
908	12001	4	1
909	12001	4	1
910	12007	4	1
911	12001	4	1
911	12016	4	1
912	12007	4	1
913	12007	4	1
914	11997	4	1
914	11998	4	1
914	12000	4	1
914	12001	4	1
914	12004	4	1
914	12010	4	1
914	12016	4	1
915	11997	4	1
916	11996	4	1
916	12000	4	1
916	12001	4	1
917	12010	4	1
918	12007	4	1
919	12002	4	1
920	12007	4	1
921	12020	4	1
922	12002	4	1
923	12004	4	1
924	11997	4	1
924	11998	4	1
924	12001	4	1
924	12002	4	1
924	12025	4	1
925	12002	4	1
926	12000	4	1
927	11997	4	1
927	12004	4	1
928	11997	4	1
928	12000	4	1
928	12004	4	1
929	11997	4	1
929	12000	4	1
929	12004	4	1
930	12001	4	1
931	11997	4	1
931	12000	4	1
931	12004	4	1
932	12001	4	1
932	12011	4	1
933	11998	4	1
933	12000	4	1
934	12007	4	1
935	12004	4	1
935	12015	4	1
936	12007	4	1
937	11997	4	1
937	12006	4	1
938	11997	4	1
938	12001	4	1
938	12002	4	1
938	12006	4	1
939	12000	4	1
939	12002	4	1
939	12027	4	1
940	12000	4	1
940	12004	4	1
940	12008	4	1
941	11998	4	1
941	12001	4	1
942	12007	4	1
943	12002	4	1
944	12010	4	1
945	11997	4	1
945	11998	4	1
945	12011	4	1
945	12015	4	1
946	12001	4	1
947	11997	4	1
948	11998	4	1
948	12000	4	1
948	12001	4	1
949	12007	4	1
950	12001	4	1
950	12026	4	1
951	11997	4	1
951	12000	4	1
951	12004	4	1
951	12008	4	1
952	11997	4	1
952	12006	4	1
953	12001	4	1
953	12002	4	1
954	11998	4	1
954	12000	4	1
954	12001	4	1
954	12027	4	1
955	12001	4	1
955	12006	4	1
956	11998	4	1
956	12000	4	1
956	12001	4	1
956	12010	4	1
956	12016	4	1
957	11997	4	1
958	12001	4	1
958	12003	4	1
959	12000	4	1
960	12002	4	1
961	11999	4	1
961	12001	4	1
962	12007	4	1
963	12007	4	1
964	11997	4	1
964	12000	4	1
964	12001	4	1
964	12004	4	1
964	12008	4	1
964	12011	4	1
964	12017	4	1
965	11997	4	1
966	11996	4	1
966	11997	4	1
966	12000	4	1
966	12001	4	1
967	12000	4	1
968	11996	4	1
968	12015	4	1
969	12001	4	1
969	12006	4	1
969	12015	4	1
970	12007	4	1
971	11997	4	1
971	12004	4	1
972	12007	4	1
973	12030	4	1
974	12001	4	1
975	12004	4	1
976	11998	4	1
976	12018	4	1
977	12007	4	1
978	12007	4	1
979	11997	4	1
979	12000	4	1
980	12000	4	1
980	12001	4	1
981	11997	4	1
981	12020	4	1
982	12007	4	1
983	12010	4	1
984	11998	4	1
984	12000	4	1
984	12001	4	1
984	12016	4	1
985	12007	4	1
986	11999	4	1
986	12000	4	1
986	12001	4	1
986	12004	4	1
986	12006	4	1
986	12008	4	1
986	12014	4	1
986	12017	4	1
987	12000	4	1
987	12001	4	1
987	12006	4	1
987	12027	4	1
988	12007	4	1
989	11997	4	1
990	12007	4	1
991	12007	4	1
992	12027	4	1
993	12001	4	1
994	12001	4	1
995	12011	4	1
996	11997	4	1
996	12000	4	1
996	12001	4	1
996	12004	4	1
996	12008	4	1
996	12026	4	1
997	12001	4	1
997	12004	4	1
997	12006	4	1
998	12001	4	1
998	12004	4	1
998	12026	4	1
999	12001	4	1
999	12031	4	1
1000	11997	4	1
1001	12007	4	1
1002	12000	4	1
1002	12001	4	1
1002	12012	4	1
1003	11997	4	1
1003	12003	4	1
1004	12000	4	1
1004	12001	4	1
1004	12011	4	1
1004	12012	4	1
1005	11996	4	1
1005	12001	4	1
1005	12002	4	1
1006	12002	4	1
1007	12007	4	1
1008	12000	4	1
1008	12001	4	1
1009	11996	4	1
1010	11997	4	1
1010	12018	4	1
1010	12020	4	1
1010	12028	4	1
1011	12007	4	1
1012	12004	4	1
1013	11997	4	1
1014	12007	4	1
1015	11998	4	1
1016	12000	4	1
1017	11997	4	1
1017	12000	4	1
1017	12004	4	1
1017	12008	4	1
1017	12017	4	1
1018	12000	4	1
1019	12001	4	1
1020	11998	4	1
1020	12004	4	1
1020	12032	4	1
1021	12007	4	1
1022	12002	4	1
1022	12010	4	1
1023	12001	4	1
1024	11998	4	1
1025	12001	4	1
1025	12004	4	1
1025	12006	4	1
1025	12011	4	1
1025	12015	4	1
1026	12007	4	1
1027	11997	4	1
1027	12004	4	1
1028	11997	4	1
1028	12000	4	1
1028	12004	4	1
1028	12010	4	1
1028	12018	4	1
1029	12007	4	1
1030	11997	4	1
1030	12000	4	1
1030	12004	4	1
1031	11997	4	1
1031	12000	4	1
1032	12007	4	1
1033	12007	4	1
1034	11997	4	1
1034	12000	4	1
1034	12004	4	1
1034	12011	4	1
1035	12001	4	1
1036	11997	4	1
1036	12000	4	1
1036	12001	4	1
1036	12004	4	1
1036	12008	4	1
1036	12011	4	1
1037	12007	4	1
1038	11997	4	1
1038	12000	4	1
1038	12001	4	1
1038	12004	4	1
1038	12008	4	1
1038	12010	4	1
1038	12016	4	1
1038	12017	4	1
1039	12007	4	1
1040	12007	4	1
1041	12010	4	1
1042	12001	4	1
1042	12012	4	1
1043	11996	4	1
1043	12001	4	1
1043	12006	4	1
1044	12027	4	1
1045	12007	4	1
1046	12001	4	1
1047	12001	4	1
1048	12001	4	1
1049	12002	4	1
1050	12007	4	1
1051	12007	4	1
1052	12007	4	1
1053	12007	4	1
1054	11997	4	1
1055	12002	4	1
1055	12004	4	1
1056	11996	4	1
1056	12027	4	1
1057	12002	4	1
1058	12002	4	1
1059	12001	4	1
1060	12001	4	1
1061	11997	4	1
1061	12004	4	1
1062	12007	4	1
1063	11997	4	1
1064	11997	4	1
1064	11998	4	1
1064	12004	4	1
1064	12009	4	1
1064	12021	4	1
1065	12000	4	1
1065	12001	4	1
1066	11997	4	1
1066	11998	4	1
1066	12000	4	1
1066	12001	4	1
1066	12008	4	1
1067	12000	4	1
1067	12001	4	1
1068	11996	4	1
1068	12001	4	1
1069	12000	4	1
1069	12001	4	1
1069	12018	4	1
1070	11998	4	1
1070	12000	4	1
1071	12001	4	1
1072	12000	4	1
1072	12001	4	1
1072	12006	4	1
1072	12011	4	1
1073	12007	4	1
1074	11999	4	1
1074	12000	4	1
1074	12001	4	1
1074	12004	4	1
1074	12006	4	1
1075	12001	4	1
1076	11997	4	1
1076	12000	4	1
1076	12004	4	1
1077	11997	4	1
1077	12012	4	1
1078	11997	4	1
1078	12014	4	1
1079	12007	4	1
1080	11996	4	1
1080	12001	4	1
1080	12006	4	1
1081	11997	4	1
1081	12004	4	1
1081	12012	4	1
1082	11997	4	1
1082	12000	4	1
1082	12004	4	1
1082	12011	4	1
1083	12002	4	1
1084	11997	4	1
1084	12004	4	1
1085	11997	4	1
1085	12011	4	1
1086	12001	4	1
1087	11997	4	1
1087	12000	4	1
1087	12026	4	1
1088	11997	4	1
1088	12000	4	1
1089	12000	4	1
1090	12007	4	1
1091	12001	4	1
1092	12007	4	1
1093	12012	4	1
1094	12007	4	1
1095	12007	4	1
1096	11998	4	1
1096	12001	4	1
1097	12001	4	1
1098	11996	4	1
1098	12001	4	1
1099	11997	4	1
1100	11997	4	1
1101	11997	4	1
1101	12000	4	1
1101	12001	4	1
1102	11997	4	1
1102	12000	4	1
1102	12004	4	1
1102	12008	4	1
1103	12001	4	1
1103	12015	4	1
1103	12020	4	1
1104	12007	4	1
1105	12007	4	1
1106	12007	4	1
1107	12001	4	1
1108	11997	4	1
1108	12000	4	1
1108	12001	4	1
1108	12011	4	1
1108	12012	4	1
1108	12033	4	1
1109	11997	4	1
1109	11998	4	1
1110	12001	4	1
1110	12006	4	1
1111	12001	4	1
1112	11997	4	1
1112	12000	4	1
1112	12012	4	1
1112	12026	4	1
1113	12004	4	1
1114	12010	4	1
1115	11997	4	1
1115	12000	4	1
1115	12001	4	1
1115	12004	4	1
1115	12008	4	1
1116	12011	4	1
1117	12007	4	1
1118	12007	4	1
1119	12001	4	1
1120	12002	4	1
1121	12001	4	1
1122	11997	4	1
1122	12000	4	1
1123	12007	4	1
1124	12007	4	1
1125	11996	4	1
1125	12001	4	1
1125	12006	4	1
1126	12001	4	1
1126	12004	4	1
1126	12011	4	1
1126	12015	4	1
1127	12000	4	1
1127	12002	4	1
1127	12027	4	1
1128	12006	4	1
1129	11997	4	1
1129	12011	4	1
1129	12015	4	1
1129	12020	4	1
1130	11997	4	1
1130	12000	4	1
1130	12008	4	1
1130	12019	4	1
1131	11997	4	1
1131	12000	4	1
1131	12018	4	1
1132	12007	4	1
1133	12001	4	1
1134	11997	4	1
1134	12000	4	1
1135	12001	4	1
1136	11997	4	1
1136	12000	4	1
1136	12001	4	1
1136	12004	4	1
1136	12010	4	1
1137	11999	4	1
1137	12000	4	1
1137	12001	4	1
1137	12004	4	1
1137	12009	4	1
1137	12011	4	1
1138	12007	4	1
1139	12004	4	1
1140	12001	4	1
1141	12007	4	1
1142	11997	4	1
1142	12000	4	1
1142	12001	4	1
1142	12004	4	1
1142	12008	4	1
1142	12011	4	1
1142	12016	4	1
1143	12007	4	1
1144	12007	4	1
1145	12000	4	1
1146	12002	4	1
1146	12015	4	1
1146	12027	4	1
1147	11997	4	1
1147	12000	4	1
1147	12001	4	1
1147	12012	4	1
1147	12034	4	1
1148	12007	4	1
1149	11997	4	1
1149	12000	4	1
1149	12004	4	1
1149	12008	4	1
1149	12011	4	1
1149	12030	4	1
1150	12007	4	1
1151	12001	4	1
1152	12000	4	1
1153	11998	4	1
1154	11997	4	1
1154	12000	4	1
1155	12001	4	1
1156	12002	4	1
1157	11997	4	1
1157	12000	4	1
1157	12034	4	1
1158	12002	4	1
1159	12000	4	1
1159	12001	4	1
1159	12006	4	1
1159	12016	4	1
1160	12007	4	1
1161	12007	4	1
1162	12002	4	1
1163	11997	4	1
1163	11998	4	1
1163	12000	4	1
1163	12008	4	1
1163	12011	4	1
1163	12019	4	1
1164	11997	4	1
1164	12014	4	1
1165	11997	4	1
1165	12000	4	1
1165	12004	4	1
1165	12008	4	1
1166	11997	4	1
1166	11998	4	1
1166	11999	4	1
1166	12000	4	1
1166	12001	4	1
1166	12004	4	1
1166	12008	4	1
1166	12010	4	1
1166	12011	4	1
1166	12020	4	1
1166	12028	4	1
1166	12035	4	1
1167	11997	4	1
1167	12000	4	1
1167	12004	4	1
1167	12008	4	1
1167	12011	4	1
1168	11996	4	1
1169	12006	4	1
1170	12007	4	1
1171	12007	4	1
1172	11996	4	1
1172	12001	4	1
1173	12001	4	1
1174	12002	4	1
1175	12007	4	1
1176	12007	4	1
1177	11996	4	1
1178	12000	4	1
1179	12007	4	1
1180	12007	4	1
1181	12000	4	1
1181	12001	4	1
1182	12001	4	1
1183	12001	4	1
1183	12020	4	1
1184	12007	4	1
1185	12007	4	1
1186	12007	4	1
1187	12007	4	1
1188	12000	4	1
1188	12001	4	1
1189	12001	4	1
1189	12003	4	1
1190	12001	4	1
1190	12003	4	1
1191	12001	4	1
1192	12000	4	1
1192	12001	4	1
1193	12001	4	1
1193	12003	4	1
1194	11997	4	1
1194	12000	4	1
1195	12027	4	1
1196	12000	4	1
1197	12000	4	1
1197	12004	4	1
1198	11997	4	1
1198	12000	4	1
1199	11997	4	1
1199	12000	4	1
1199	12008	4	1
1199	12019	4	1
1200	11997	4	1
1200	12000	4	1
1200	12008	4	1
1200	12019	4	1
1201	11996	4	1
1201	11997	4	1
1201	12000	4	1
1201	12001	4	1
1202	11996	4	1
1202	12000	4	1
1202	12001	4	1
1203	11996	4	1
1203	12001	4	1
1204	12001	4	1
1204	12004	4	1
1204	12012	4	1
1205	12007	4	1
1206	11997	4	1
1207	11997	4	1
1207	12001	4	1
1208	11997	4	1
1209	11997	4	1
1210	11997	4	1
1211	12001	4	1
1212	12015	4	1
1213	12007	4	1
1214	12000	4	1
1214	12001	4	1
1215	12000	4	1
1215	12001	4	1
1216	11997	4	1
1216	12001	4	1
1217	12000	4	1
1218	12000	4	1
1218	12001	4	1
1219	12001	4	1
1220	12001	4	1
1221	12001	4	1
1222	12001	4	1
1223	12007	4	1
1224	12000	4	1
1224	12010	4	1
1224	12011	4	1
1225	11996	4	1
1226	12007	4	1
1227	12007	4	1
1228	12001	4	1
1229	12001	4	1
1230	12001	4	1
1230	12015	4	1
1231	12007	4	1
1232	12001	4	1
1233	12001	4	1
1233	12006	4	1
1234	12001	4	1
1234	12015	4	1
1235	12007	4	1
1236	12007	4	1
1237	11997	4	1
1237	12000	4	1
1237	12026	4	1
1238	12010	4	1
1239	12001	4	1
1240	12007	4	1
1241	12001	4	1
1241	12004	4	1
1241	12010	4	1
1242	12000	4	1
1243	12007	4	1
1244	12001	4	1
1245	12000	4	1
1245	12001	4	1
1246	12002	4	1
1247	12004	4	1
1248	11997	4	1
1248	12000	4	1
1248	12001	4	1
1249	12000	4	1
1250	12001	4	1
1251	12001	4	1
1251	12006	4	1
1252	11997	4	1
1252	12000	4	1
1252	12001	4	1
1253	12007	4	1
1254	12000	4	1
1254	12032	4	1
1255	12015	4	1
1256	12001	4	1
1257	12007	4	1
1258	12007	4	1
1259	12007	4	1
1260	12015	4	1
1261	12007	4	1
1262	12007	4	1
1263	12007	4	1
1264	12011	4	1
1265	11997	4	1
1265	11998	4	1
1265	12001	4	1
1266	11997	4	1
1266	12033	4	1
1267	12000	4	1
1267	12004	4	1
1267	12011	4	1
1268	12007	4	1
1269	11997	4	1
1269	12018	4	1
1270	11997	4	1
1271	12001	4	1
1272	11996	4	1
1272	12001	4	1
1273	12007	4	1
1274	12006	4	1
1275	11997	4	1
1276	11997	4	1
1276	11998	4	1
1276	12000	4	1
1276	12004	4	1
1276	12006	4	1
1276	12008	4	1
1276	12034	4	1
1277	12007	4	1
1278	11998	4	1
1278	12011	4	1
1279	12001	4	1
1280	12001	4	1
1281	12010	4	1
1282	12007	4	1
1283	12001	4	1
1284	12001	4	1
1285	12007	4	1
1286	12007	4	1
1287	12001	4	1
1288	12007	4	1
1289	12001	4	1
1290	12007	4	1
1291	12007	4	1
1292	12007	4	1
1293	12007	4	1
1294	12015	4	1
1295	12001	4	1
1296	12000	4	1
1296	12001	4	1
1296	12012	4	1
1297	12001	4	1
1298	12001	4	1
1299	11997	4	1
1299	12001	4	1
1299	12006	4	1
1300	12007	4	1
1301	12001	4	1
1302	12001	4	1
1303	12001	4	1
1304	12007	4	1
1305	11997	4	1
1305	12018	4	1
1305	12026	4	1
1306	12007	4	1
1307	12000	4	1
1308	11997	4	1
1309	12007	4	1
1310	12033	4	1
1311	12001	4	1
1312	12007	4	1
1313	12007	4	1
1314	11997	4	1
1314	11999	4	1
1314	12013	4	1
1314	12026	4	1
1315	12007	4	1
1316	11999	4	1
1316	12010	4	1
1317	12007	4	1
1318	12010	4	1
1318	12036	4	1
1319	11997	4	1
1319	12000	4	1
1320	11997	4	1
1320	12000	4	1
1320	12011	4	1
1321	12001	4	1
1322	12001	4	1
1323	12001	4	1
1324	11998	4	1
1324	12001	4	1
1324	12010	4	1
1325	12007	4	1
1326	11997	4	1
1326	11998	4	1
1326	12000	4	1
1326	12006	4	1
1327	11997	4	1
1327	12014	4	1
1327	12015	4	1
1327	12020	4	1
1328	12006	4	1
1329	11997	4	1
1330	12000	4	1
1330	12001	4	1
1330	12037	4	1
1331	12001	4	1
1332	12001	4	1
1333	12001	4	1
1334	12007	4	1
1335	12000	4	1
1335	12001	4	1
1335	12006	4	1
1336	12007	4	1
1337	12011	4	1
1338	11996	4	1
1338	12001	4	1
1339	11997	4	1
1339	12004	4	1
1340	12007	4	1
1341	11997	4	1
1341	12000	4	1
1341	12001	4	1
1341	12014	4	1
1342	12006	4	1
1342	12011	4	1
1343	12015	4	1
1344	12004	4	1
1344	12009	4	1
1345	12010	4	1
1346	12011	4	1
1347	12001	4	1
1348	11997	4	1
1348	12000	4	1
1348	12004	4	1
1348	12018	4	1
1349	12007	4	1
1350	12001	4	1
1351	12007	4	1
1352	12001	4	1
1352	12006	4	1
1353	12000	4	1
1353	12001	4	1
1354	12001	4	1
1355	12007	4	1
1356	12001	4	1
1357	12004	4	1
1358	12007	4	1
1359	12001	4	1
1360	11996	4	1
1360	12001	4	1
1360	12006	4	1
1360	12038	4	1
1361	12007	4	1
1362	12001	4	1
1362	12015	4	1
1363	12011	4	1
1364	12001	4	1
1364	12004	4	1
1365	12007	4	1
1366	12001	4	1
1367	12000	4	1
1367	12011	4	1
1368	12007	4	1
1369	12000	4	1
1369	12001	4	1
1369	12011	4	1
1369	12018	4	1
1370	12010	4	1
1371	12000	4	1
1372	12001	4	1
1373	12006	4	1
1374	11997	4	1
1374	12014	4	1
1375	12015	4	1
1376	11996	4	1
1376	12001	4	1
1377	12007	4	1
1378	12009	4	1
1378	12036	4	1
1379	12000	4	1
1380	12000	4	1
1380	12001	4	1
1381	12001	4	1
1382	12007	4	1
1383	12007	4	1
1384	12007	4	1
1385	12007	4	1
1386	12007	4	1
1387	12000	4	1
1387	12001	4	1
1388	12007	4	1
1389	12000	4	1
1390	12007	4	1
1391	12007	4	1
1392	11997	4	1
1392	12001	4	1
1392	12011	4	1
1393	12007	4	1
1394	12007	4	1
1395	12000	4	1
1395	12001	4	1
1396	12001	4	1
1397	12007	4	1
1398	12007	4	1
1399	12007	4	1
1400	12001	4	1
1401	12000	4	1
1401	12001	4	1
1401	12010	4	1
1402	12000	4	1
1402	12001	4	1
1402	12006	4	1
1403	11997	4	1
1404	12004	4	1
1405	12007	4	1
1406	12007	4	1
1407	12007	4	1
1408	12007	4	1
1409	12001	4	1
1410	12001	4	1
1411	12004	4	1
1412	12006	4	1
1412	12018	4	1
1413	12001	4	1
1414	12007	4	1
1415	12001	4	1
1415	12006	4	1
1416	12000	4	1
1417	12000	4	1
1418	11997	4	1
1419	12001	4	1
1420	12000	4	1
1421	11999	4	1
1421	12000	4	1
1421	12001	4	1
1422	12010	4	1
1422	12011	4	1
1423	12001	4	1
1423	12011	4	1
1424	12001	4	1
1425	12007	4	1
1426	12000	4	1
1427	12006	4	1
1427	12010	4	1
1428	12000	4	1
1429	12007	4	1
1430	11996	4	1
1431	12007	4	1
1432	12001	4	1
1433	12010	4	1
1433	12011	4	1
1434	11998	4	1
1435	12007	4	1
1436	12001	4	1
1437	12001	4	1
1438	11996	4	1
1438	12001	4	1
1438	12006	4	1
1439	12001	4	1
1440	12007	4	1
1441	12007	4	1
1442	12000	4	1
1443	12000	4	1
1443	12001	4	1
1444	12001	4	1
1445	11998	4	1
1445	12000	4	1
1445	12001	4	1
1445	12002	4	1
1445	12018	4	1
1445	12020	4	1
1446	12001	4	1
1447	12010	4	1
1448	12015	4	1
1449	12001	4	1
1450	12001	4	1
1450	12006	4	1
1451	12000	4	1
1452	12000	4	1
1453	12001	4	1
1454	12001	4	1
1455	12007	4	1
1456	12007	4	1
1457	12007	4	1
1458	12001	4	1
1458	12002	4	1
1459	12007	4	1
1460	12007	4	1
1461	12001	4	1
1462	11996	4	1
1463	12007	4	1
1464	12007	4	1
1465	11996	4	1
1466	12007	4	1
1467	12001	4	1
1467	12027	4	1
1468	12007	4	1
1469	12015	4	1
1470	12001	4	1
1471	12000	4	1
1471	12001	4	1
1471	12006	4	1
1471	12027	4	1
1472	12007	4	1
1473	12007	4	1
1474	12007	4	1
1475	12001	4	1
1476	12001	4	1
1477	12001	4	1
1478	12007	4	1
1479	12001	4	1
1479	12010	4	1
1479	12023	4	1
1480	12001	4	1
1481	12007	4	1
1482	12001	4	1
1483	12007	4	1
1484	12001	4	1
1485	12007	4	1
1486	12007	4	1
1487	12001	4	1
1488	12007	4	1
1489	12001	4	1
1489	12004	4	1
1490	12004	4	1
1491	12010	4	1
1492	12001	4	1
1493	12001	4	1
1494	12007	4	1
1495	12007	4	1
1496	12007	4	1
1497	12007	4	1
1498	12004	4	1
1499	12027	4	1
1500	12007	4	1
1501	12007	4	1
1502	12007	4	1
1503	12007	4	1
1504	12007	4	1
1505	12007	4	1
1506	12001	4	1
1507	12001	4	1
1507	12010	4	1
1507	12027	4	1
1508	12007	4	1
1509	12007	4	1
1510	12007	4	1
1511	12007	4	1
1512	12007	4	1
1513	12007	4	1
1514	12001	4	1
1515	12002	4	1
1516	12007	4	1
1517	12007	4	1
1518	12001	4	1
1519	12001	4	1
1520	12001	4	1
1521	12007	4	1
1522	12001	4	1
1523	12007	4	1
1524	12007	4	1
1525	12001	4	1
1526	12010	4	1
1527	12007	4	1
1528	12007	4	1
1529	12007	4	1
1530	12007	4	1
1531	12007	4	1
1532	12000	4	1
1532	12001	4	1
1532	12004	4	1
1533	12001	4	1
1534	12007	4	1
1535	12007	4	1
1536	12001	4	1
1537	11997	4	1
1537	12000	4	1
1537	12010	4	1
1537	12015	4	1
1538	12007	4	1
1539	12007	4	1
1540	12001	4	1
1541	12007	4	1
1542	12007	4	1
1543	12007	4	1
1544	12007	4	1
1545	12007	4	1
1546	12007	4	1
1547	11997	4	1
1547	12001	4	1
1548	12007	4	1
1549	11996	4	1
1549	12001	4	1
1550	11997	4	1
1551	12007	4	1
1552	12007	4	1
1553	12007	4	1
1554	12007	4	1
1555	12007	4	1
1556	12001	4	1
1557	12001	4	1
1558	12001	4	1
1559	12001	4	1
1560	12001	4	1
1561	11997	4	1
1561	12010	4	1
1561	12017	4	1
1562	11996	4	1
1562	12000	4	1
1562	12001	4	1
1562	12002	4	1
1563	11996	4	1
1563	12000	4	1
1563	12001	4	1
1563	12006	4	1
1564	11998	4	1
1564	12032	4	1
1565	11998	4	1
1566	12001	4	1
1567	12007	4	1
1568	12007	4	1
1569	12007	4	1
1570	11997	4	1
1570	12000	4	1
1570	12009	4	1
1570	12026	4	1
1571	11997	4	1
1571	12000	4	1
1571	12026	4	1
1572	12000	4	1
1572	12026	4	1
1573	12001	4	1
1574	11997	4	1
1575	12007	4	1
1576	12007	4	1
1577	12010	4	1
1577	12036	4	1
1578	12018	4	1
1579	12007	4	1
1580	12007	4	1
1581	12039	4	1
1582	11997	4	1
1583	11997	4	1
1584	12000	4	1
1585	12004	4	1
1586	12036	4	1
1587	12018	4	1
1588	12007	4	1
1589	12007	4	1
1590	12007	4	1
1591	12007	4	1
1592	12007	4	1
1593	12007	4	1
1594	12010	4	1
1595	12007	4	1
1596	12007	4	1
1597	12001	4	1
1598	12001	4	1
1599	11997	4	1
1600	12001	4	1
1601	12004	4	1
1602	12004	4	1
1603	12007	4	1
1604	12001	4	1
1605	12007	4	1
1606	12007	4	1
1607	12007	4	1
1608	12007	4	1
1609	12001	4	1
1610	11997	4	1
1611	11996	4	1
1612	12002	4	1
1613	12002	4	1
1614	12002	4	1
1615	12002	4	1
1616	12027	4	1
1617	11996	4	1
1617	11998	4	1
1617	12000	4	1
1617	12001	4	1
1617	12006	4	1
1617	12027	4	1
1618	12027	4	1
1619	11996	4	1
1619	12001	4	1
1619	12006	4	1
1620	12007	4	1
1621	11996	4	1
1621	12001	4	1
1622	12007	4	1
1623	11996	4	1
1623	12000	4	1
1623	12001	4	1
1624	12007	4	1
1625	11996	4	1
1625	12000	4	1
1625	12001	4	1
1625	12002	4	1
1625	12006	4	1
1626	12007	4	1
1627	12007	4	1
1628	11996	4	1
1628	12001	4	1
1628	12006	4	1
1628	12040	4	1
1629	12007	4	1
1630	12007	4	1
1631	12000	4	1
1631	12001	4	1
1632	11996	4	1
1632	12001	4	1
1633	12007	4	1
1634	12000	4	1
1634	12001	4	1
1635	12007	4	1
1636	12001	4	1
1637	12007	4	1
1638	12007	4	1
1639	12007	4	1
1640	12007	4	1
1641	12000	4	1
1641	12001	4	1
1641	12016	4	1
1642	11996	4	1
1643	12007	4	1
1644	12007	4	1
1645	12007	4	1
1646	12007	4	1
1647	12001	4	1
1647	12006	4	1
1647	12027	4	1
1648	11996	4	1
1649	12007	4	1
1650	12007	4	1
1651	12007	4	1
1652	12007	4	1
1653	12007	4	1
1654	12007	4	1
1655	12007	4	1
1656	12007	4	1
1657	12007	4	1
1658	12007	4	1
1659	12007	4	1
1660	12007	4	1
1661	12007	4	1
1662	12007	4	1
1663	12007	4	1
1664	11996	4	1
1665	12007	4	1
1666	12007	4	1
1667	12002	4	1
1668	11996	4	1
1669	12007	4	1
1670	12007	4	1
1671	12007	4	1
1672	12007	4	1
1673	12007	4	1
1674	12007	4	1
1675	12007	4	1
1676	12007	4	1
1677	12007	4	1
1678	12007	4	1
1679	12007	4	1
1680	12007	4	1
1681	12007	4	1
1682	12004	4	1
1683	12007	4	1
1684	12007	4	1
1685	11997	4	1
1686	11997	4	1
1686	12000	4	1
1686	12008	4	1
1686	12019	4	1
1687	12007	4	1
1688	11997	4	1
1688	12000	4	1
1688	12020	4	1
1689	11997	4	1
1689	12020	4	1
1690	11999	4	1
1690	12018	4	1
1690	12020	4	1
1691	12001	4	1
1692	12001	4	1
1693	12001	4	1
1694	12001	4	1
1695	12000	4	1
1695	12001	4	1
1696	12001	4	1
1697	12000	4	1
1697	12001	4	1
1698	12001	4	1
1699	12000	4	1
1699	12001	4	1
1700	12000	4	1
1700	12001	4	1
1700	12002	4	1
1701	11998	4	1
1701	12000	4	1
1701	12001	4	1
1701	12014	4	1
1701	12015	4	1
1702	12001	4	1
1703	12001	4	1
1704	12007	4	1
1705	12007	4	1
1706	12018	4	1
1707	11997	4	1
1708	11997	4	1
1709	12001	4	1
1710	11997	4	1
1711	11997	4	1
1712	12001	4	1
1712	12020	4	1
1713	12000	4	1
1713	12001	4	1
1713	12013	4	1
1713	12041	4	1
1714	11996	4	1
1714	12006	4	1
1715	12007	4	1
1716	12001	4	1
1716	12015	4	1
1717	12007	4	1
1718	12007	4	1
1719	12000	4	1
1720	12001	4	1
1721	12000	4	1
1721	12001	4	1
1722	12007	4	1
1723	12007	4	1
1724	12001	4	1
1725	12001	4	1
1725	12010	4	1
1726	12011	4	1
1727	12007	4	1
1728	12000	4	1
1729	12001	4	1
1730	12007	4	1
1731	12000	4	1
1732	12018	4	1
1733	11996	4	1
1733	12001	4	1
1733	12006	4	1
1734	12001	4	1
1735	12001	4	1
1735	12006	4	1
1736	11998	4	1
1736	12001	4	1
1736	12010	4	1
1737	11996	4	1
1738	12001	4	1
1739	12001	4	1
1740	11996	4	1
1741	12011	4	1
1742	12010	4	1
1743	12001	4	1
1744	12001	4	1
1745	12001	4	1
1746	12007	4	1
1747	12007	4	1
1748	12007	4	1
1749	12007	4	1
1750	12015	4	1
1751	12007	4	1
1752	12007	4	1
1753	12007	4	1
1754	11996	4	1
1754	12001	4	1
1754	12006	4	1
1755	11996	4	1
1755	12001	4	1
1756	12001	4	1
1757	12007	4	1
1758	12007	4	1
1759	12007	4	1
1760	11996	4	1
1760	12001	4	1
1760	12015	4	1
1761	12007	4	1
1762	12007	4	1
1763	12007	4	1
1764	12007	4	1
1765	11996	4	1
1765	12001	4	1
1765	12006	4	1
1766	11996	4	1
1766	11997	4	1
1766	11998	4	1
1766	12006	4	1
1767	12007	4	1
1768	12007	4	1
1769	12007	4	1
1770	12007	4	1
1771	12007	4	1
1772	12007	4	1
1773	12007	4	1
1774	12007	4	1
1775	12000	4	1
1775	12012	4	1
1776	12007	4	1
1777	12007	4	1
1778	12007	4	1
1779	12007	4	1
1780	12007	4	1
1781	12007	4	1
1782	11996	4	1
1782	12001	4	1
1783	12007	4	1
1784	12001	4	1
1785	12007	4	1
1786	12007	4	1
1787	11996	4	1
1788	12007	4	1
1789	12007	4	1
1790	12007	4	1
1791	12004	4	1
1792	12007	4	1
1793	12007	4	1
1794	12007	4	1
1795	12007	4	1
1796	12006	4	1
1797	12007	4	1
1798	12007	4	1
1799	12007	4	1
1800	12007	4	1
1801	12007	4	1
1802	12007	4	1
1803	11996	4	1
1804	12007	4	1
1805	12007	4	1
1806	12007	4	1
1807	12007	4	1
1808	12007	4	1
1809	12007	4	1
1810	12001	4	1
1811	12007	4	1
1812	12007	4	1
1813	12001	4	1
1814	12006	4	1
1815	12001	4	1
1816	12002	4	1
1816	12004	4	1
1816	12042	4	1
1817	12000	4	1
1818	12001	4	1
1819	12001	4	1
1820	12007	4	1
1821	12007	4	1
1822	12000	4	1
1823	11997	4	1
1824	11998	4	1
1825	12007	4	1
1826	12007	4	1
1827	12001	4	1
1828	12000	4	1
1829	12007	4	1
1830	12001	4	1
1831	11998	4	1
1831	12004	4	1
1831	12010	4	1
1832	12007	4	1
1833	11997	4	1
1833	12000	4	1
1834	12007	4	1
1835	12000	4	1
1835	12001	4	1
1835	12012	4	1
1836	11997	4	1
1837	12001	4	1
1837	12002	4	1
1838	12007	4	1
1839	11997	4	1
1839	12004	4	1
1839	12006	4	1
1840	11997	4	1
1841	12007	4	1
1842	11996	4	1
1842	12001	4	1
1843	12015	4	1
1844	11997	4	1
1845	12001	4	1
1845	12019	4	1
1846	12001	4	1
1846	12019	4	1
1847	12001	4	1
1848	12001	4	1
1849	11997	4	1
1849	12015	4	1
1850	12001	4	1
1851	12001	4	1
1852	12001	4	1
1853	12007	4	1
1854	12007	4	1
1855	12007	4	1
1856	11997	4	1
1856	12000	4	1
1856	12006	4	1
1857	11997	4	1
1858	12001	4	1
1858	12004	4	1
1859	12001	4	1
1859	12004	4	1
1860	11997	4	1
1860	12000	4	1
1860	12011	4	1
1860	12019	4	1
1861	11997	4	1
1861	12000	4	1
1861	12008	4	1
1861	12019	4	1
1862	11997	4	1
1862	12019	4	1
1863	11997	4	1
1863	11999	4	1
1863	12000	4	1
1863	12020	4	1
1863	12028	4	1
1864	12020	4	1
1865	12020	4	1
1866	12020	4	1
1867	12020	4	1
1868	12007	4	1
1869	12000	4	1
1870	12000	4	1
1870	12001	4	1
1871	12000	4	1
1871	12001	4	1
1871	12016	4	1
1872	11997	4	1
1872	12001	4	1
1873	12001	4	1
1874	12001	4	1
1875	12001	4	1
1876	12001	4	1
1877	12001	4	1
1878	12001	4	1
1879	12010	4	1
1880	12001	4	1
1881	12000	4	1
1881	12001	4	1
1882	12001	4	1
1883	12001	4	1
1884	12001	4	1
1885	12001	4	1
1886	12000	4	1
1887	12000	4	1
1888	12000	4	1
1889	12001	4	1
1890	12001	4	1
1891	12001	4	1
1892	12001	4	1
1893	12001	4	1
1894	12007	4	1
1895	12001	4	1
1896	12023	4	1
1897	12000	4	1
1898	11997	4	1
1899	11997	4	1
1899	12001	4	1
1899	12017	4	1
1900	12007	4	1
1901	12007	4	1
1902	12007	4	1
1903	12007	4	1
1904	12007	4	1
1905	12007	4	1
1906	12007	4	1
1907	12007	4	1
1908	12007	4	1
1909	12007	4	1
1910	12007	4	1
1911	12001	4	1
1912	12007	4	1
1913	12007	4	1
1914	12007	4	1
1915	12007	4	1
1916	12007	4	1
1917	12006	4	1
1918	12001	4	1
1919	12007	4	1
1920	12007	4	1
1921	12007	4	1
1922	12001	4	1
1923	12007	4	1
1924	12010	4	1
1925	12007	4	1
1926	12007	4	1
1927	12001	4	1
1928	12001	4	1
1929	12007	4	1
1930	12007	4	1
1931	12001	4	1
1932	11997	4	1
1933	12007	4	1
1934	12001	4	1
1935	12001	4	1
1936	12007	4	1
1937	12001	4	1
1938	12000	4	1
1938	12001	4	1
1939	12007	4	1
1940	12007	4	1
1941	12007	4	1
1942	12007	4	1
1943	12007	4	1
1944	12007	4	1
1945	12007	4	1
1946	12007	4	1
1947	12010	4	1
1948	12007	4	1
1949	12007	4	1
1950	12000	4	1
1950	12004	4	1
1951	12007	4	1
1952	12007	4	1
1953	12007	4	1
1954	12001	4	1
1955	12010	4	1
1956	12007	4	1
1957	12007	4	1
1958	12010	4	1
1959	12007	4	1
1960	12007	4	1
1961	12007	4	1
1962	12007	4	1
1963	12007	4	1
1964	12001	4	1
1965	12007	4	1
1966	12007	4	1
1967	12007	4	1
1968	12001	4	1
1969	12007	4	1
1970	12007	4	1
1971	12007	4	1
1972	12007	4	1
1973	12007	4	1
1974	12007	4	1
1975	12007	4	1
1976	12007	4	1
1977	12007	4	1
1978	12007	4	1
1979	12007	4	1
1980	12007	4	1
1981	12007	4	1
1982	12007	4	1
1983	12007	4	1
1984	12007	4	1
1985	12007	4	1
1986	12007	4	1
1987	12001	4	1
1988	12007	4	1
1989	12007	4	1
1990	12007	4	1
1991	12007	4	1
1992	12000	4	1
1992	12001	4	1
1993	12000	4	1
1994	12001	4	1
1995	12007	4	1
1996	11998	4	1
1997	12007	4	1
1998	12001	4	1
1999	12007	4	1
2000	12001	4	1
2001	12000	4	1
2001	12001	4	1
2002	12007	4	1
2003	12007	4	1
2004	12007	4	1
2005	12007	4	1
2006	12007	4	1
2007	12007	4	1
2008	12007	4	1
2009	12007	4	1
2010	12001	4	1
2011	12001	4	1
2012	12007	4	1
2013	12007	4	1
2014	12007	4	1
2015	12007	4	1
2016	12001	4	1
2017	12010	4	1
2018	12007	4	1
2019	12007	4	1
2020	12001	4	1
2021	12007	4	1
2022	12007	4	1
2023	12001	4	1
2024	12001	4	1
2025	12006	4	1
2026	12007	4	1
2027	12007	4	1
2028	12007	4	1
2029	12007	4	1
2030	12010	4	1
2031	12001	4	1
2032	12007	4	1
2033	12007	4	1
2034	12007	4	1
2035	12007	4	1
2036	12007	4	1
2037	12007	4	1
2038	12007	4	1
2039	12007	4	1
2040	12007	4	1
2041	12007	4	1
2042	12007	4	1
2043	12007	4	1
2044	12007	4	1
2045	12007	4	1
2046	12001	4	1
2047	12001	4	1
2048	12007	4	1
2049	12007	4	1
2050	12007	4	1
2051	12001	4	1
2051	12025	4	1
2052	12007	4	1
2053	12007	4	1
2054	12007	4	1
2055	12007	4	1
2056	12007	4	1
2057	12001	4	1
2058	12007	4	1
2059	12001	4	1
2060	12001	4	1
2061	12007	4	1
2062	12007	4	1
2063	12007	4	1
2064	12001	4	1
2065	12007	4	1
2066	12001	4	1
2067	11996	4	1
2068	12007	4	1
2069	12007	4	1
2070	12001	4	1
2071	12001	4	1
2072	12001	4	1
2073	12001	4	1
2074	12007	4	1
2075	12007	4	1
2076	12007	4	1
2077	12007	4	1
2078	12007	4	1
2079	12007	4	1
2080	12007	4	1
2081	12007	4	1
2082	12007	4	1
2083	12007	4	1
2084	11996	4	1
2084	12010	4	1
2085	12007	4	1
2086	12007	4	1
2087	12007	4	1
2088	12007	4	1
2089	12007	4	1
2090	12007	4	1
2091	12007	4	1
2092	12007	4	1
2093	12007	4	1
2094	11996	4	1
2095	12001	4	1
2096	12007	4	1
2097	11996	4	1
2098	12007	4	1
2099	12007	4	1
2100	12007	4	1
2101	12007	4	1
2102	12007	4	1
2103	12007	4	1
2104	12007	4	1
2105	12007	4	1
2106	12007	4	1
2107	12007	4	1
2108	12007	4	1
2109	12010	4	1
2110	12004	4	1
2111	12007	4	1
2112	12007	4	1
2113	12007	4	1
2114	12007	4	1
2115	12020	4	1
2116	12000	4	1
2117	12007	4	1
2118	12007	4	1
2119	12007	4	1
2120	12007	4	1
2121	12007	4	1
2122	12007	4	1
2123	12004	4	1
2124	12007	4	1
2125	12007	4	1
2126	12007	4	1
2127	12007	4	1
2128	12007	4	1
2129	12001	4	1
2130	12007	4	1
2131	12007	4	1
2132	12007	4	1
2133	12001	4	1
2134	12010	4	1
2135	12007	4	1
2136	12007	4	1
2137	12007	4	1
2138	12007	4	1
2139	12007	4	1
2140	12007	4	1
2141	12007	4	1
2142	12007	4	1
2143	12007	4	1
2144	12007	4	1
2145	12001	4	1
2146	12007	4	1
2147	12007	4	1
2148	12007	4	1
2149	12010	4	1
2150	12007	4	1
2151	12007	4	1
2152	12007	4	1
2153	12007	4	1
2154	12007	4	1
2155	12007	4	1
2156	12007	4	1
2157	12007	4	1
2158	12007	4	1
2159	12007	4	1
2160	12007	4	1
2161	12007	4	1
2162	12007	4	1
2163	12007	4	1
2164	12007	4	1
2165	12007	4	1
2166	12007	4	1
2167	12007	4	1
2168	12007	4	1
2169	12007	4	1
2170	11997	4	1
2171	12007	4	1
2172	12007	4	1
2173	12007	4	1
2174	12007	4	1
2175	12007	4	1
2176	12007	4	1
2177	12007	4	1
2178	12007	4	1
2179	12007	4	1
2180	12007	4	1
2181	12007	4	1
2182	12007	4	1
2183	12007	4	1
2184	12007	4	1
2185	12001	4	1
2186	12001	4	1
2187	12007	4	1
2188	12007	4	1
2189	12007	4	1
2190	12007	4	1
2191	12001	4	1
2192	11997	4	1
2192	12000	4	1
2192	12001	4	1
2193	12000	4	1
2193	12019	4	1
2194	12019	4	1
2195	12019	4	1
2196	12019	4	1
2197	12019	4	1
2198	12019	4	1
2199	12004	4	1
2200	12004	4	1
0	11997	7	2
0	11999	7	1
0	12000	7	1
0	12010	7	1
2	11997	7	1
2	12007	7	5
3	12001	7	1
4	11999	7	1
4	12000	7	1
4	12001	7	1
4	12004	7	1
4	12009	7	1
4	12011	7	1
5	11997	7	1
5	12000	7	1
6	12001	7	1
7	11997	7	1
7	12000	7	1
7	12004	7	1
7	12008	7	1
8	11997	7	2
9	11999	7	1
9	12000	7	1
9	12001	7	2
9	12004	7	2
9	12006	7	2
10	11997	7	7
10	12000	7	6
10	12008	7	5
10	12011	7	1
10	12019	7	7
11	11997	7	2
11	12000	7	2
11	12001	7	1
11	12004	7	2
11	12011	7	1
12	11997	7	7
12	11998	7	1
12	11999	7	3
12	12000	7	4
12	12001	7	1
12	12004	7	1
12	12008	7	1
12	12010	7	1
12	12011	7	2
12	12015	7	1
12	12018	7	2
12	12020	7	13
12	12028	7	3
12	12035	7	1
13	11997	7	1
13	12000	7	1
13	12001	7	1
13	12004	7	1
13	12008	7	1
13	12010	7	1
13	12015	7	1
14	12001	7	3
14	12007	7	2
15	11996	7	2
15	11999	7	3
15	12000	7	5
15	12001	7	5
15	12002	7	1
15	12004	7	3
15	12006	7	3
15	12008	7	1
15	12009	7	1
15	12011	7	1
15	12014	7	1
15	12017	7	1
16	11997	7	5
16	11998	7	2
16	11999	7	2
16	12000	7	8
16	12001	7	3
16	12004	7	6
16	12006	7	1
16	12008	7	5
16	12009	7	1
16	12011	7	2
16	12014	7	1
16	12017	7	2
16	12030	7	1
17	11997	7	2
17	12000	7	2
17	12001	7	1
17	12004	7	2
17	12008	7	2
17	12010	7	1
17	12015	7	1
19	11997	7	3
19	11998	7	1
19	12000	7	1
19	12001	7	2
19	12006	7	1
19	12008	7	1
19	12010	7	2
19	12017	7	2
20	11996	7	1
20	12001	7	2
20	12015	7	1
22	11996	7	1
22	12000	7	1
22	12002	7	3
22	12004	7	1
22	12011	7	1
22	12015	7	3
22	12027	7	2
23	11997	7	3
23	11998	7	1
23	12000	7	4
23	12001	7	3
23	12006	7	1
23	12018	7	1
23	12027	7	1
24	11997	7	3
24	12000	7	3
24	12001	7	1
24	12004	7	3
24	12011	7	1
25	12001	7	3
25	12019	7	2
26	11997	7	1
26	12000	7	1
26	12001	7	2
26	12016	7	1
27	11996	7	1
27	12001	7	1
28	12001	7	1
28	12004	7	1
28	12006	7	1
30	11997	7	1
30	12000	7	1
30	12001	7	1
31	11997	7	6
31	11998	7	3
31	12011	7	2
31	12015	7	1
32	11997	7	2
32	12000	7	2
32	12001	7	2
32	12004	7	2
32	12008	7	2
32	12011	7	1
32	12026	7	1
34	11999	7	1
34	12000	7	1
34	12001	7	1
34	12004	7	1
34	12009	7	1
34	12011	7	1
35	11997	7	6
35	11998	7	1
35	12000	7	5
35	12001	7	1
35	12004	7	6
35	12008	7	2
35	12011	7	3
35	12016	7	1
36	12001	7	1
38	12000	7	1
38	12001	7	3
38	12004	7	1
38	12006	7	3
38	12011	7	1
38	12016	7	1
40	11998	7	1
40	12000	7	2
40	12001	7	3
40	12011	7	1
40	12012	7	1
40	12014	7	1
40	12015	7	1
41	11997	7	1
41	11998	7	1
41	11999	7	1
41	12000	7	3
41	12001	7	5
41	12004	7	3
41	12006	7	2
41	12008	7	1
41	12010	7	1
41	12011	7	2
41	12015	7	1
41	12016	7	1
41	12018	7	1
41	12020	7	1
41	12026	7	1
41	12028	7	1
41	12035	7	1
42	12001	7	1
42	12016	7	1
43	11997	7	7
43	11998	7	1
43	11999	7	3
43	12000	7	4
43	12001	7	1
43	12004	7	1
43	12008	7	1
43	12010	7	1
43	12011	7	2
43	12015	7	1
43	12018	7	2
43	12020	7	13
43	12028	7	3
43	12035	7	1
46	12001	7	8
46	12006	7	1
47	12000	7	1
47	12001	7	1
47	12015	7	1
47	12016	7	1
48	11997	7	20
48	11998	7	1
48	11999	7	1
48	12000	7	23
48	12001	7	11
48	12004	7	23
48	12008	7	11
48	12010	7	1
48	12011	7	12
48	12016	7	3
48	12017	7	3
48	12020	7	1
48	12026	7	2
48	12029	7	1
49	11997	7	5
49	11998	7	1
49	12000	7	5
49	12001	7	2
49	12004	7	5
49	12008	7	3
49	12011	7	2
49	12016	7	1
49	12017	7	2
50	11997	7	15
50	11998	7	1
50	12000	7	15
50	12001	7	7
50	12004	7	15
50	12008	7	8
50	12010	7	1
50	12011	7	8
50	12016	7	3
50	12017	7	3
50	12026	7	1
50	12029	7	1
52	12000	7	1
52	12001	7	1
52	12015	7	1
52	12016	7	1
54	12001	7	1
57	11997	7	2
57	12000	7	2
57	12001	7	1
57	12004	7	2
57	12008	7	2
57	12010	7	1
57	12015	7	1
58	11997	7	14
58	11998	7	1
58	12000	7	14
58	12001	7	7
58	12004	7	14
58	12008	7	8
58	12010	7	1
58	12011	7	8
58	12016	7	3
58	12017	7	3
58	12026	7	1
58	12029	7	1
60	11997	7	1
60	11998	7	1
60	11999	7	1
60	12000	7	2
60	12001	7	3
60	12004	7	1
60	12008	7	1
60	12010	7	1
60	12011	7	1
60	12020	7	1
60	12028	7	1
60	12035	7	1
61	11997	7	1
61	12000	7	1
61	12001	7	2
61	12016	7	1
62	11997	7	3
62	11998	7	1
62	12000	7	5
62	12001	7	5
62	12006	7	2
62	12027	7	1
63	11997	7	1
63	11998	7	1
63	12001	7	1
63	12004	7	1
63	12011	7	1
64	11997	7	3
64	12000	7	6
64	12001	7	4
64	12004	7	3
64	12011	7	1
64	12015	7	1
64	12016	7	2
65	11997	7	1
65	12000	7	2
65	12001	7	3
65	12012	7	1
65	12015	7	1
65	12016	7	1
65	12034	7	1
66	12001	7	1
68	11996	7	1
68	12000	7	2
68	12001	7	4
69	11999	7	3
69	12000	7	3
69	12001	7	3
69	12004	7	3
69	12006	7	2
69	12008	7	1
69	12009	7	1
69	12011	7	1
69	12014	7	1
69	12017	7	1
70	11997	7	1
71	11997	7	2
71	12000	7	1
71	12004	7	1
71	12006	7	1
71	12008	7	1
72	11999	7	2
72	12000	7	2
72	12001	7	2
72	12004	7	2
72	12006	7	1
72	12008	7	1
72	12009	7	1
72	12011	7	1
72	12014	7	1
72	12017	7	1
74	11997	7	2
74	11998	7	1
74	11999	7	1
74	12000	7	2
74	12001	7	1
74	12004	7	2
74	12008	7	1
74	12010	7	1
74	12011	7	2
74	12020	7	1
74	12028	7	1
74	12035	7	1
75	11996	7	1
75	12000	7	1
75	12001	7	1
75	12011	7	1
76	11997	7	3
76	11998	7	1
76	12000	7	3
76	12001	7	1
76	12004	7	2
76	12008	7	3
76	12011	7	1
76	12030	7	1
77	12001	7	1
78	11997	7	1
78	12001	7	1
78	12011	7	1
80	11998	7	1
80	12001	7	1
82	11997	7	3
82	11998	7	3
82	12011	7	1
82	12015	7	1
83	11997	7	1
83	11998	7	1
83	12000	7	2
83	12001	7	4
83	12006	7	1
83	12010	7	1
83	12016	7	2
84	12001	7	1
84	12004	7	1
84	12006	7	1
85	11997	7	5
85	11998	7	1
85	11999	7	1
85	12000	7	5
85	12001	7	2
85	12004	7	1
85	12008	7	3
85	12010	7	1
85	12011	7	1
85	12018	7	1
85	12019	7	2
85	12020	7	3
85	12028	7	2
85	12035	7	1
86	12001	7	2
87	11997	7	4
87	11998	7	1
87	12000	7	3
87	12001	7	1
87	12004	7	4
87	12008	7	2
87	12011	7	3
87	12016	7	1
88	11996	7	2
88	11999	7	1
88	12000	7	2
88	12001	7	2
88	12006	7	2
89	11997	7	1
89	12000	7	1
89	12001	7	1
89	12012	7	1
89	12034	7	1
90	11997	7	3
90	11998	7	1
90	12000	7	3
90	12001	7	1
90	12004	7	2
90	12008	7	3
90	12011	7	1
90	12030	7	1
92	11997	7	4
92	12000	7	4
92	12001	7	1
92	12004	7	4
92	12008	7	2
92	12011	7	3
92	12026	7	1
92	12029	7	1
93	11997	7	12
93	11998	7	2
93	11999	7	2
93	12000	7	18
93	12001	7	15
93	12004	7	13
93	12006	7	2
93	12008	7	9
93	12009	7	1
93	12011	7	5
93	12014	7	2
93	12015	7	1
93	12016	7	3
93	12017	7	2
93	12026	7	2
93	12029	7	1
94	11996	7	1
94	12000	7	1
94	12001	7	1
94	12002	7	1
95	11997	7	1
95	12000	7	1
95	12004	7	1
95	12008	7	1
96	11997	7	3
96	11998	7	1
96	12000	7	3
96	12001	7	1
96	12004	7	2
96	12008	7	3
96	12011	7	1
96	12030	7	1
97	11996	7	2
97	11997	7	1
97	11998	7	1
97	11999	7	1
97	12000	7	2
97	12001	7	4
97	12006	7	2
97	12008	7	1
97	12010	7	1
99	11998	7	1
99	12006	7	1
100	11997	7	2
100	11998	7	1
100	12000	7	3
100	12004	7	2
100	12008	7	2
100	12011	7	1
100	12030	7	1
101	11997	7	20
101	11998	7	1
101	11999	7	1
101	12000	7	23
101	12001	7	11
101	12004	7	23
101	12008	7	11
101	12010	7	1
101	12011	7	12
101	12016	7	3
101	12017	7	3
101	12020	7	1
101	12026	7	2
101	12029	7	1
102	11997	7	1
102	12000	7	1
102	12001	7	1
102	12004	7	1
102	12008	7	1
102	12010	7	1
102	12015	7	1
103	12001	7	2
103	12015	7	1
103	12020	7	2
108	11999	7	2
108	12000	7	2
108	12001	7	2
108	12004	7	2
108	12006	7	1
108	12008	7	1
108	12009	7	1
108	12011	7	1
108	12014	7	1
108	12017	7	1
109	11997	7	3
109	12000	7	3
109	12001	7	3
109	12004	7	3
109	12008	7	3
109	12011	7	1
109	12026	7	1
110	11997	7	6
110	11998	7	1
110	11999	7	3
110	12000	7	4
110	12001	7	1
110	12004	7	1
110	12008	7	1
110	12010	7	1
110	12011	7	1
110	12018	7	2
110	12020	7	12
110	12028	7	3
110	12035	7	1
111	11996	7	1
111	12000	7	2
111	12001	7	2
111	12006	7	2
111	12011	7	1
112	11997	7	2
112	12000	7	2
112	12004	7	2
112	12008	7	1
112	12010	7	1
112	12018	7	1
114	12001	7	1
114	12004	7	1
114	12006	7	1
114	12011	7	1
114	12015	7	1
115	11996	7	2
115	12000	7	1
115	12001	7	2
115	12006	7	1
116	11997	7	2
116	11998	7	1
116	12000	7	2
116	12001	7	1
116	12004	7	1
116	12009	7	1
116	12021	7	1
116	12022	7	1
118	12000	7	1
118	12001	7	1
118	12010	7	1
118	12023	7	1
118	12024	7	1
120	11997	7	21
120	11998	7	1
120	11999	7	1
120	12000	7	24
120	12001	7	10
120	12004	7	23
120	12008	7	11
120	12010	7	1
120	12011	7	12
120	12016	7	3
120	12017	7	3
120	12020	7	1
120	12026	7	3
120	12029	7	1
121	11997	7	1
121	11998	7	3
121	12000	7	1
121	12004	7	1
121	12006	7	1
121	12011	7	1
121	12032	7	2
122	11997	7	3
122	12000	7	3
122	12001	7	1
122	12002	7	1
122	12004	7	3
122	12008	7	1
122	12010	7	2
122	12015	7	1
122	12018	7	2
122	12019	7	1
123	11997	7	9
123	12000	7	9
123	12001	7	5
123	12004	7	8
123	12008	7	6
123	12010	7	1
123	12011	7	4
123	12015	7	1
123	12026	7	2
123	12029	7	1
125	11997	7	5
125	11998	7	1
125	11999	7	1
125	12000	7	5
125	12001	7	4
125	12004	7	4
125	12008	7	4
125	12011	7	3
125	12017	7	2
125	12020	7	1
125	12026	7	1
125	12029	7	1
126	11997	7	3
126	11998	7	1
126	11999	7	1
126	12000	7	1
126	12001	7	1
126	12004	7	1
126	12008	7	1
126	12010	7	1
126	12011	7	1
126	12018	7	1
126	12020	7	3
126	12028	7	2
126	12035	7	1
127	11997	7	2
127	12000	7	2
127	12001	7	1
127	12004	7	2
127	12008	7	2
127	12010	7	1
127	12015	7	1
128	11997	7	3
128	11999	7	1
128	12000	7	2
128	12001	7	1
128	12013	7	1
128	12026	7	1
130	11997	7	3
130	12000	7	5
130	12001	7	1
130	12004	7	5
130	12008	7	1
130	12011	7	1
131	11997	7	1
131	11999	7	1
131	12000	7	1
131	12001	7	1
131	12004	7	1
131	12011	7	1
131	12020	7	1
132	11997	7	1
132	12000	7	1
132	12001	7	1
132	12015	7	1
132	12016	7	1
133	11998	7	1
133	12000	7	4
133	12001	7	5
133	12010	7	1
133	12016	7	2
134	11996	7	1
134	11998	7	2
134	12000	7	2
134	12001	7	2
134	12006	7	1
134	12027	7	2
135	12001	7	4
136	11997	7	3
136	12000	7	3
136	12001	7	3
136	12004	7	3
136	12008	7	3
136	12011	7	1
136	12026	7	1
137	12001	7	1
137	12004	7	1
137	12011	7	1
137	12015	7	1
138	11997	7	2
138	11998	7	1
138	12000	7	5
138	12001	7	7
138	12010	7	1
138	12016	7	1
140	11996	7	1
140	11997	7	3
140	12000	7	3
140	12001	7	1
140	12002	7	1
140	12004	7	2
140	12006	7	1
140	12010	7	2
140	12015	7	1
140	12018	7	2
140	12019	7	1
141	11996	7	3
141	11997	7	3
141	12000	7	7
141	12001	7	7
143	11998	7	1
143	12000	7	3
143	12001	7	4
143	12010	7	1
143	12016	7	1
144	11997	7	7
144	11998	7	1
144	11999	7	3
144	12000	7	4
144	12001	7	1
144	12004	7	1
144	12008	7	1
144	12010	7	1
144	12011	7	2
144	12015	7	1
144	12018	7	2
144	12020	7	13
144	12028	7	3
144	12035	7	1
145	11997	7	4
145	12000	7	4
145	12001	7	3
145	12004	7	4
145	12008	7	4
145	12011	7	2
145	12016	7	1
145	12017	7	2
146	11997	7	3
146	12000	7	3
146	12001	7	1
146	12004	7	2
146	12008	7	1
146	12011	7	1
146	12019	7	1
147	11997	7	1
147	11998	7	1
147	12008	7	1
147	12010	7	1
148	11997	7	14
148	11998	7	1
148	12000	7	14
148	12001	7	7
148	12004	7	14
148	12008	7	8
148	12010	7	1
148	12011	7	8
148	12016	7	3
148	12017	7	3
148	12026	7	1
148	12029	7	1
151	11997	7	5
151	11998	7	1
151	11999	7	1
151	12000	7	5
151	12001	7	2
151	12004	7	1
151	12008	7	3
151	12010	7	1
151	12011	7	1
151	12018	7	1
151	12019	7	2
151	12020	7	3
151	12028	7	2
151	12035	7	1
152	12000	7	1
152	12001	7	1
153	11997	7	2
153	12000	7	2
153	12001	7	1
153	12004	7	1
153	12008	7	1
154	11999	7	3
154	12000	7	3
154	12001	7	3
154	12004	7	3
154	12006	7	2
154	12008	7	1
154	12009	7	1
154	12011	7	1
154	12014	7	1
154	12017	7	1
156	11997	7	2
156	11998	7	1
156	11999	7	1
156	12000	7	1
156	12001	7	1
156	12004	7	1
156	12008	7	1
156	12010	7	1
156	12011	7	1
156	12018	7	1
156	12020	7	2
156	12028	7	2
156	12035	7	1
158	11997	7	2
158	12000	7	3
158	12020	7	1
159	11997	7	1
159	12000	7	1
159	12001	7	1
159	12004	7	1
159	12008	7	1
159	12011	7	1
159	12016	7	1
160	11997	7	5
160	12000	7	5
160	12001	7	2
160	12004	7	5
160	12008	7	2
160	12011	7	2
160	12017	7	2
161	11996	7	1
161	12001	7	1
161	12006	7	1
161	12040	7	1
163	12001	7	1
164	11996	7	2
164	12000	7	1
164	12001	7	2
164	12011	7	1
165	11996	7	2
165	12000	7	1
165	12001	7	3
165	12011	7	1
167	12001	7	1
168	12015	7	1
170	11996	7	1
170	11997	7	3
170	11998	7	1
170	12000	7	4
170	12001	7	3
170	12004	7	3
170	12006	7	1
170	12008	7	3
170	12011	7	1
170	12026	7	2
170	12027	7	1
170	12029	7	1
171	11997	7	2
171	12000	7	2
171	12001	7	2
171	12004	7	2
171	12008	7	2
171	12011	7	1
171	12016	7	1
171	12026	7	1
172	11997	7	2
172	11998	7	4
172	12000	7	5
172	12001	7	3
172	12004	7	1
172	12008	7	1
172	12010	7	1
172	12016	7	1
174	11997	7	4
174	12000	7	4
174	12001	7	4
174	12004	7	3
174	12008	7	3
174	12011	7	1
174	12016	7	1
174	12026	7	1
175	11997	7	6
175	11999	7	2
175	12000	7	12
175	12001	7	8
175	12004	7	10
175	12006	7	1
175	12008	7	5
175	12009	7	1
175	12011	7	3
175	12014	7	1
175	12016	7	1
175	12017	7	2
175	12026	7	1
176	11997	7	7
176	11998	7	3
176	12011	7	2
176	12015	7	1
178	11996	7	2
178	11999	7	1
178	12000	7	2
178	12001	7	2
178	12006	7	2
179	11996	7	2
179	11999	7	1
179	12000	7	2
179	12001	7	2
179	12006	7	2
180	12000	7	1
180	12001	7	1
180	12011	7	1
180	12020	7	1
181	11999	7	1
181	12000	7	1
181	12001	7	1
181	12004	7	1
181	12009	7	1
181	12011	7	1
182	11997	7	1
182	11998	7	1
182	11999	7	1
182	12000	7	1
182	12001	7	1
182	12004	7	1
182	12008	7	1
182	12010	7	1
182	12011	7	1
182	12020	7	1
182	12028	7	1
182	12035	7	1
183	11997	7	6
183	11998	7	1
183	11999	7	3
183	12000	7	4
183	12001	7	1
183	12004	7	1
183	12008	7	1
183	12010	7	1
183	12011	7	1
183	12018	7	2
183	12020	7	12
183	12028	7	3
183	12035	7	1
184	11999	7	3
184	12000	7	3
184	12001	7	3
184	12004	7	3
184	12006	7	2
184	12008	7	1
184	12009	7	1
184	12011	7	1
184	12014	7	1
184	12017	7	1
185	11997	7	6
185	11998	7	1
185	12000	7	6
185	12001	7	6
185	12004	7	6
185	12008	7	6
185	12011	7	4
185	12016	7	2
185	12017	7	1
185	12026	7	1
188	11996	7	1
188	11999	7	1
188	12000	7	3
188	12001	7	2
188	12006	7	1
188	12012	7	1
189	11997	7	2
189	11998	7	1
189	12000	7	2
189	12002	7	1
189	12004	7	1
189	12008	7	1
189	12010	7	1
189	12011	7	1
189	12015	7	1
189	12018	7	1
189	12019	7	2
190	11996	7	1
190	11999	7	1
190	12000	7	1
190	12001	7	2
190	12006	7	1
191	11997	7	3
191	12000	7	3
191	12001	7	1
191	12004	7	3
191	12008	7	1
191	12011	7	3
191	12026	7	1
191	12029	7	1
193	11997	7	2
193	11999	7	1
193	12000	7	2
193	12008	7	2
193	12017	7	1
194	11997	7	3
194	12000	7	3
194	12001	7	2
194	12004	7	2
194	12008	7	2
194	12010	7	1
194	12015	7	1
194	12016	7	1
195	11997	7	2
195	11998	7	1
195	12000	7	2
195	12001	7	2
195	12004	7	2
195	12008	7	2
195	12011	7	2
195	12016	7	2
196	12000	7	2
196	12001	7	2
197	12001	7	1
199	11996	7	1
199	12000	7	1
199	12001	7	1
199	12002	7	1
201	11997	7	3
201	12000	7	5
201	12001	7	1
201	12004	7	5
201	12008	7	1
201	12011	7	1
202	11997	7	3
202	11998	7	1
202	12000	7	3
202	12001	7	1
202	12004	7	2
202	12008	7	3
202	12011	7	1
202	12030	7	1
203	11997	7	2
203	12000	7	1
203	12001	7	1
203	12004	7	1
203	12008	7	1
204	11996	7	2
204	11999	7	1
204	12000	7	2
204	12001	7	2
204	12006	7	2
205	11997	7	1
205	12000	7	1
205	12004	7	1
205	12016	7	1
206	11997	7	4
206	11998	7	1
206	12000	7	5
206	12001	7	5
206	12004	7	4
206	12008	7	4
206	12010	7	1
206	12011	7	2
206	12016	7	2
206	12017	7	2
210	12001	7	2
210	12010	7	1
210	12023	7	1
211	12001	7	1
213	11997	7	2
213	12000	7	2
213	12001	7	1
213	12004	7	2
213	12008	7	2
213	12010	7	1
213	12015	7	1
214	12001	7	1
214	12026	7	1
217	11997	7	2
217	11998	7	1
217	12000	7	2
217	12001	7	1
217	12004	7	1
217	12006	7	1
217	12008	7	1
217	12012	7	1
217	12034	7	2
219	12000	7	1
219	12001	7	1
219	12015	7	1
219	12016	7	1
220	11996	7	1
220	11999	7	1
220	12000	7	1
220	12001	7	1
220	12006	7	1
220	12011	7	1
221	11996	7	1
221	12001	7	1
221	12006	7	1
221	12038	7	1
222	12001	7	1
224	11997	7	1
224	12000	7	1
224	12002	7	1
224	12004	7	1
224	12010	7	1
224	12015	7	1
224	12018	7	1
224	12019	7	1
225	11997	7	7
225	11998	7	1
225	11999	7	2
225	12000	7	11
225	12001	7	7
225	12004	7	11
225	12006	7	1
225	12008	7	6
225	12009	7	1
225	12011	7	4
225	12014	7	1
225	12016	7	1
225	12017	7	2
225	12026	7	1
226	12000	7	1
226	12001	7	2
226	12004	7	1
226	12010	7	1
226	12023	7	1
226	12024	7	1
227	12001	7	1
228	11997	7	6
228	11998	7	1
228	11999	7	3
228	12000	7	8
228	12001	7	8
228	12004	7	8
228	12006	7	1
228	12008	7	6
228	12009	7	1
228	12010	7	1
228	12011	7	5
228	12014	7	1
228	12016	7	1
228	12017	7	1
228	12020	7	1
228	12026	7	2
228	12028	7	1
228	12029	7	1
228	12035	7	1
229	11997	7	1
229	12000	7	1
229	12004	7	1
229	12008	7	1
230	12001	7	1
232	12001	7	1
232	12031	7	1
233	11996	7	2
233	11999	7	1
233	12000	7	2
233	12001	7	2
233	12006	7	2
234	12001	7	1
236	12000	7	2
236	12001	7	1
238	12001	7	2
238	12004	7	2
239	11996	7	1
239	12001	7	1
240	12000	7	1
240	12001	7	1
240	12015	7	1
240	12016	7	1
242	11997	7	5
242	11998	7	1
242	12000	7	5
242	12001	7	2
242	12004	7	4
242	12008	7	4
242	12010	7	1
242	12011	7	2
242	12015	7	1
242	12016	7	1
243	11997	7	3
243	12000	7	5
243	12001	7	1
243	12004	7	5
243	12008	7	1
243	12011	7	1
244	11996	7	2
244	11999	7	1
244	12000	7	2
244	12001	7	2
244	12006	7	2
245	11997	7	3
245	12000	7	3
245	12001	7	1
245	12004	7	3
245	12008	7	1
245	12011	7	3
245	12026	7	1
245	12029	7	1
247	11996	7	1
247	11999	7	1
247	12000	7	1
247	12001	7	1
247	12006	7	1
250	11997	7	1
250	12000	7	1
250	12004	7	1
250	12016	7	1
251	11996	7	2
251	11999	7	1
251	12000	7	3
251	12001	7	8
251	12006	7	2
251	12011	7	1
251	12015	7	2
251	12020	7	1
252	11997	7	4
252	12000	7	4
252	12001	7	4
252	12004	7	3
252	12008	7	3
252	12011	7	1
252	12016	7	1
252	12026	7	1
253	11997	7	1
253	12000	7	1
253	12004	7	1
253	12008	7	1
254	11998	7	1
254	12000	7	1
254	12001	7	1
254	12016	7	1
255	12001	7	9
257	11997	7	4
257	12000	7	4
257	12001	7	3
257	12004	7	4
257	12008	7	4
257	12010	7	1
257	12011	7	1
257	12015	7	1
257	12026	7	1
259	11997	7	1
259	12020	7	1
260	11997	7	2
260	12000	7	2
260	12002	7	1
260	12004	7	2
260	12010	7	2
260	12015	7	1
260	12018	7	2
260	12019	7	1
261	11996	7	2
261	11997	7	1
261	11999	7	2
261	12000	7	2
261	12001	7	4
261	12006	7	3
261	12013	7	1
261	12026	7	1
262	11996	7	1
262	11997	7	1
262	12000	7	2
262	12001	7	2
262	12006	7	1
262	12011	7	1
262	12012	7	1
262	12033	7	1
264	11997	7	3
264	11998	7	1
264	12000	7	3
264	12001	7	1
264	12004	7	2
264	12008	7	3
264	12011	7	1
264	12030	7	1
265	11997	7	2
265	12000	7	2
265	12001	7	1
265	12004	7	2
265	12008	7	2
265	12010	7	1
265	12015	7	1
266	11997	7	1
266	12001	7	2
266	12011	7	2
268	11996	7	4
268	11997	7	4
268	12000	7	8
268	12001	7	8
268	12003	7	1
268	12014	7	1
269	11997	7	1
269	12000	7	1
269	12004	7	1
269	12008	7	1
270	11997	7	1
270	12000	7	1
270	12001	7	1
270	12004	7	1
270	12008	7	1
271	11997	7	6
271	11998	7	1
271	12000	7	10
271	12001	7	8
271	12004	7	8
271	12007	7	1
271	12008	7	4
271	12010	7	1
271	12011	7	2
271	12016	7	1
271	12026	7	1
272	11997	7	2
272	12000	7	2
272	12001	7	2
272	12004	7	2
272	12007	7	1
272	12008	7	2
272	12011	7	1
272	12016	7	1
273	11997	7	1
273	12000	7	1
273	12001	7	1
273	12004	7	1
273	12008	7	1
275	12001	7	5
276	12001	7	2
277	11997	7	1
277	12000	7	1
277	12001	7	1
277	12004	7	1
277	12008	7	1
277	12011	7	1
277	12026	7	1
277	12029	7	1
278	11997	7	1
278	12000	7	1
278	12004	7	1
278	12008	7	1
279	11997	7	3
279	11998	7	1
279	12000	7	3
279	12001	7	2
280	12001	7	1
280	12015	7	1
281	11996	7	2
281	12000	7	1
281	12001	7	4
281	12002	7	1
281	12011	7	1
283	11996	7	1
283	12001	7	1
283	12006	7	1
283	12026	7	1
285	11996	7	1
285	12000	7	1
285	12001	7	1
285	12011	7	1
286	11997	7	2
286	11998	7	1
286	12000	7	5
286	12001	7	5
286	12006	7	3
286	12027	7	2
287	11997	7	3
287	11998	7	1
287	12000	7	3
287	12001	7	1
287	12004	7	1
287	12008	7	2
287	12011	7	1
287	12030	7	1
288	11997	7	1
289	11997	7	5
289	11998	7	1
289	11999	7	1
289	12000	7	6
289	12001	7	5
289	12004	7	6
289	12008	7	5
289	12009	7	1
289	12011	7	4
289	12016	7	1
289	12017	7	2
289	12026	7	2
289	12029	7	1
290	11997	7	1
290	12000	7	1
290	12008	7	1
290	12019	7	1
291	11998	7	1
291	12000	7	2
291	12001	7	1
291	12007	7	3
292	11997	7	1
292	11998	7	2
292	11999	7	1
292	12000	7	9
292	12001	7	14
292	12004	7	1
292	12006	7	1
292	12009	7	1
292	12010	7	1
292	12011	7	1
292	12015	7	1
292	12016	7	6
293	11997	7	1
293	12000	7	1
293	12001	7	1
293	12004	7	1
293	12008	7	1
294	11997	7	7
294	12000	7	7
294	12001	7	5
294	12004	7	7
294	12008	7	6
294	12010	7	1
294	12011	7	3
294	12015	7	1
294	12026	7	2
294	12029	7	1
295	11997	7	4
295	11998	7	1
295	12000	7	3
295	12001	7	1
295	12004	7	4
295	12008	7	2
295	12011	7	3
295	12016	7	1
297	12001	7	1
297	12004	7	1
297	12006	7	1
297	12016	7	1
298	12000	7	1
299	11996	7	1
299	11997	7	7
299	11998	7	2
299	12000	7	9
299	12001	7	2
299	12006	7	1
299	12008	7	5
299	12011	7	1
299	12019	7	12
299	12027	7	2
300	11997	7	2
300	11998	7	1
300	12000	7	2
300	12002	7	1
300	12004	7	1
300	12008	7	1
300	12010	7	1
300	12011	7	1
300	12015	7	1
300	12018	7	1
300	12019	7	2
301	11997	7	1
301	12000	7	1
302	11997	7	6
302	12000	7	6
302	12001	7	6
302	12004	7	5
302	12008	7	5
302	12011	7	3
302	12016	7	2
302	12017	7	1
302	12026	7	1
303	12000	7	1
303	12001	7	1
303	12015	7	1
303	12016	7	1
306	11997	7	6
306	11998	7	1
306	11999	7	3
306	12000	7	4
306	12001	7	1
306	12004	7	1
306	12008	7	1
306	12010	7	1
306	12011	7	1
306	12018	7	2
306	12020	7	12
306	12028	7	3
306	12035	7	1
308	12001	7	1
309	11997	7	3
309	12000	7	3
309	12001	7	1
309	12004	7	2
309	12008	7	2
310	11997	7	6
310	11998	7	1
310	11999	7	3
310	12000	7	4
310	12001	7	1
310	12004	7	1
310	12008	7	1
310	12010	7	1
310	12011	7	1
310	12018	7	2
310	12020	7	12
310	12028	7	3
310	12035	7	1
311	12001	7	2
312	11997	7	2
312	12000	7	2
312	12001	7	2
312	12004	7	2
312	12008	7	2
312	12011	7	1
312	12026	7	2
312	12029	7	1
314	12001	7	2
315	12001	7	2
315	12004	7	1
315	12006	7	1
316	11997	7	9
316	11999	7	1
316	12000	7	10
316	12001	7	7
316	12004	7	10
316	12006	7	1
316	12008	7	8
316	12011	7	7
316	12014	7	1
316	12016	7	1
316	12017	7	2
316	12026	7	2
316	12029	7	1
317	11997	7	4
317	12000	7	3
317	12001	7	1
317	12004	7	3
317	12008	7	1
317	12011	7	3
317	12026	7	1
317	12029	7	1
319	11997	7	1
319	12000	7	1
321	12001	7	2
322	11997	7	3
322	11998	7	1
322	12000	7	3
322	12001	7	1
322	12004	7	2
322	12008	7	3
322	12011	7	1
322	12030	7	1
324	11997	7	3
324	12000	7	3
324	12001	7	3
324	12004	7	3
324	12008	7	3
324	12011	7	1
324	12026	7	1
325	11997	7	3
325	11998	7	1
325	12000	7	3
325	12001	7	1
325	12004	7	2
325	12008	7	3
325	12011	7	1
325	12030	7	1
327	11996	7	2
327	11999	7	1
327	12000	7	2
327	12001	7	2
327	12006	7	2
329	11997	7	15
329	11998	7	1
329	12000	7	15
329	12001	7	7
329	12004	7	14
329	12008	7	8
329	12010	7	1
329	12011	7	8
329	12016	7	3
329	12017	7	3
329	12026	7	2
329	12029	7	1
330	11997	7	4
330	11999	7	2
330	12000	7	8
330	12001	7	4
330	12004	7	8
330	12006	7	1
330	12008	7	3
330	12009	7	1
330	12011	7	3
330	12014	7	1
330	12017	7	2
332	11997	7	2
332	11998	7	1
332	11999	7	2
332	12000	7	4
332	12001	7	3
332	12004	7	2
332	12006	7	1
332	12008	7	1
332	12011	7	1
332	12019	7	1
332	12020	7	1
333	11997	7	2
333	12000	7	1
334	11997	7	1
334	12004	7	1
335	11997	7	3
335	11999	7	1
335	12000	7	3
335	12001	7	1
335	12004	7	2
335	12008	7	1
335	12011	7	1
335	12019	7	1
335	12020	7	1
337	11997	7	1
337	11998	7	1
337	12001	7	1
337	12004	7	1
337	12006	7	1
337	12008	7	1
337	12010	7	1
337	12016	7	1
338	11997	7	1
338	12000	7	1
338	12008	7	1
338	12019	7	1
339	11996	7	1
339	11998	7	2
339	12000	7	2
339	12001	7	2
339	12006	7	1
339	12027	7	2
340	11997	7	13
340	11998	7	1
340	12000	7	13
340	12001	7	8
340	12004	7	13
340	12008	7	9
340	12010	7	1
340	12011	7	8
340	12016	7	3
340	12017	7	3
340	12026	7	2
340	12029	7	1
341	11998	7	1
341	12000	7	2
341	12001	7	2
341	12006	7	1
341	12015	7	1
341	12016	7	1
343	11997	7	1
343	11999	7	1
343	12000	7	2
343	12001	7	2
343	12004	7	2
343	12006	7	1
343	12008	7	1
343	12011	7	1
344	11996	7	2
344	11997	7	1
344	11998	7	1
344	11999	7	1
344	12000	7	2
344	12001	7	2
344	12006	7	2
344	12011	7	1
344	12015	7	1
345	12000	7	1
345	12001	7	1
345	12015	7	1
345	12016	7	1
346	11997	7	5
346	12000	7	5
346	12001	7	3
346	12004	7	5
346	12008	7	3
346	12011	7	2
346	12016	7	1
346	12017	7	1
346	12026	7	2
346	12029	7	1
347	11997	7	1
347	11998	7	1
347	11999	7	1
347	12000	7	3
347	12001	7	3
347	12004	7	1
347	12006	7	1
347	12007	7	1
347	12008	7	1
347	12010	7	1
347	12011	7	1
347	12016	7	1
347	12018	7	1
347	12020	7	1
347	12028	7	1
347	12035	7	1
348	12000	7	1
348	12001	7	1
348	12015	7	1
348	12016	7	1
349	12001	7	1
349	12007	7	1
349	12025	7	1
350	11997	7	1
350	11999	7	1
350	12000	7	1
350	12001	7	1
350	12004	7	1
350	12011	7	1
350	12020	7	1
351	11997	7	1
351	12000	7	1
351	12001	7	1
352	12001	7	1
354	12001	7	1
355	12001	7	1
355	12031	7	1
356	12000	7	4
356	12010	7	2
356	12011	7	2
357	11996	7	1
357	11998	7	1
357	12000	7	1
357	12001	7	1
357	12006	7	1
357	12027	7	1
358	12001	7	1
359	12000	7	1
359	12001	7	1
359	12015	7	1
359	12016	7	1
361	11996	7	2
361	12000	7	2
361	12001	7	4
361	12002	7	1
361	12006	7	1
362	11997	7	1
362	12000	7	1
362	12001	7	1
362	12004	7	1
362	12011	7	1
363	11997	7	3
363	11998	7	2
363	12000	7	3
363	12002	7	1
363	12004	7	2
363	12006	7	1
363	12008	7	2
363	12010	7	1
363	12011	7	1
363	12015	7	1
363	12018	7	1
363	12019	7	2
363	12034	7	1
364	11996	7	2
364	11999	7	1
364	12000	7	2
364	12001	7	2
364	12006	7	2
365	11996	7	2
365	11999	7	1
365	12000	7	2
365	12001	7	2
365	12006	7	2
366	12001	7	1
367	11997	7	5
367	11998	7	1
367	11999	7	1
367	12000	7	5
367	12001	7	2
367	12004	7	1
367	12008	7	3
367	12010	7	1
367	12011	7	1
367	12018	7	1
367	12019	7	2
367	12020	7	3
367	12028	7	2
367	12035	7	1
368	11996	7	2
368	11997	7	1
368	11998	7	2
368	11999	7	1
368	12000	7	4
368	12001	7	6
368	12006	7	4
368	12008	7	1
368	12010	7	1
368	12011	7	1
368	12020	7	1
369	11997	7	1
369	12000	7	1
370	11997	7	4
370	11998	7	1
370	12011	7	1
371	11997	7	5
371	12000	7	5
371	12001	7	3
371	12004	7	5
371	12008	7	2
371	12011	7	3
371	12026	7	1
371	12029	7	1
372	11997	7	1
372	12000	7	1
372	12004	7	1
372	12008	7	1
372	12011	7	1
372	12030	7	1
373	11997	7	2
373	12000	7	2
373	12001	7	1
373	12004	7	2
373	12011	7	1
374	11996	7	1
374	11997	7	2
374	11998	7	1
374	12000	7	4
374	12001	7	6
374	12006	7	2
374	12027	7	1
375	12001	7	1
375	12007	7	1
376	11997	7	3
376	12000	7	4
376	12001	7	1
376	12004	7	4
376	12008	7	1
376	12011	7	1
377	11997	7	2
377	12000	7	2
377	12001	7	1
377	12004	7	1
377	12008	7	1
377	12011	7	1
377	12019	7	1
378	12001	7	1
378	12006	7	2
378	12015	7	1
379	11997	7	3
379	11998	7	1
379	12000	7	3
379	12001	7	1
379	12004	7	2
379	12008	7	3
379	12011	7	1
379	12030	7	1
380	11996	7	2
380	11999	7	1
380	12000	7	2
380	12001	7	2
380	12006	7	2
381	11997	7	1
381	11999	7	1
381	12001	7	2
381	12018	7	1
381	12020	7	2
382	12001	7	4
383	12001	7	1
384	11996	7	2
384	12001	7	2
384	12006	7	1
384	12010	7	1
388	11997	7	6
388	11998	7	1
388	11999	7	3
388	12000	7	4
388	12001	7	1
388	12004	7	1
388	12008	7	1
388	12010	7	1
388	12011	7	2
388	12015	7	1
388	12018	7	2
388	12020	7	12
388	12028	7	3
388	12035	7	1
389	11997	7	4
389	12000	7	3
389	12001	7	3
389	12004	7	2
389	12007	7	1
389	12008	7	2
389	12011	7	1
389	12014	7	1
389	12015	7	1
389	12016	7	1
389	12020	7	1
389	12026	7	2
391	11997	7	2
391	12000	7	2
391	12004	7	2
391	12008	7	1
391	12010	7	1
391	12018	7	1
392	11997	7	3
392	12000	7	5
392	12001	7	1
392	12004	7	5
392	12008	7	1
392	12011	7	1
393	11997	7	4
393	11998	7	1
393	12000	7	3
393	12001	7	2
393	12004	7	2
393	12007	7	1
393	12008	7	3
393	12011	7	1
393	12016	7	1
393	12018	7	1
393	12030	7	1
394	12000	7	1
394	12001	7	1
394	12006	7	1
394	12011	7	1
395	11997	7	2
395	12000	7	2
395	12001	7	1
395	12004	7	2
395	12008	7	2
395	12010	7	1
395	12015	7	1
396	11997	7	6
396	11998	7	1
396	11999	7	3
396	12000	7	4
396	12001	7	1
396	12004	7	1
396	12008	7	1
396	12010	7	1
396	12011	7	1
396	12018	7	2
396	12020	7	12
396	12028	7	3
396	12035	7	1
397	11997	7	1
397	11998	7	1
397	12000	7	2
397	12001	7	2
397	12004	7	1
397	12008	7	1
397	12011	7	1
397	12017	7	1
397	12027	7	1
398	11997	7	3
398	11998	7	1
398	12000	7	3
398	12001	7	1
398	12004	7	2
398	12008	7	3
398	12011	7	1
398	12030	7	1
400	11997	7	2
400	12000	7	2
400	12001	7	2
400	12004	7	2
400	12007	7	1
400	12008	7	2
400	12011	7	1
400	12016	7	1
401	12001	7	1
401	12011	7	1
404	11997	7	1
404	12000	7	1
404	12004	7	1
404	12008	7	1
405	11996	7	2
405	11999	7	1
405	12000	7	2
405	12001	7	2
405	12006	7	2
406	12001	7	3
406	12019	7	2
407	11997	7	1
407	12000	7	1
407	12004	7	1
407	12016	7	1
408	12001	7	1
408	12015	7	1
408	12020	7	1
409	12000	7	1
409	12001	7	1
409	12015	7	1
409	12016	7	1
410	12001	7	2
411	11996	7	2
411	11999	7	1
411	12000	7	2
411	12001	7	2
411	12006	7	2
412	11997	7	1
412	12000	7	1
412	12004	7	1
412	12008	7	1
413	11997	7	2
413	12000	7	2
413	12014	7	1
415	11997	7	1
415	12000	7	1
418	12001	7	1
419	11997	7	1
419	12004	7	1
420	11998	7	1
420	12000	7	1
420	12001	7	4
420	12002	7	1
420	12004	7	1
420	12006	7	1
420	12018	7	1
420	12020	7	1
421	11997	7	1
421	11999	7	1
421	12000	7	1
421	12001	7	1
421	12004	7	1
421	12011	7	1
421	12020	7	1
422	11997	7	1
422	12000	7	1
422	12004	7	1
422	12008	7	1
423	11997	7	7
423	11998	7	1
423	11999	7	3
423	12000	7	4
423	12001	7	1
423	12004	7	1
423	12008	7	1
423	12010	7	1
423	12011	7	2
423	12015	7	1
423	12018	7	2
423	12020	7	13
423	12028	7	3
423	12035	7	1
424	11996	7	1
424	11997	7	2
424	11998	7	2
424	11999	7	1
424	12000	7	3
424	12001	7	3
424	12004	7	1
424	12008	7	1
424	12010	7	1
424	12011	7	1
424	12020	7	1
424	12028	7	1
424	12035	7	1
425	11997	7	3
425	11998	7	1
425	12000	7	3
425	12001	7	1
425	12004	7	2
425	12008	7	3
425	12011	7	1
425	12030	7	1
426	12006	7	1
427	12001	7	2
427	12004	7	2
427	12006	7	1
427	12011	7	1
427	12015	7	1
428	11997	7	5
428	11998	7	1
428	11999	7	1
428	12000	7	5
428	12001	7	2
428	12004	7	4
428	12008	7	3
428	12011	7	4
428	12016	7	1
428	12020	7	1
428	12030	7	1
429	11996	7	1
429	11997	7	3
429	12001	7	1
429	12006	7	1
429	12011	7	1
430	12001	7	1
431	11997	7	2
431	11999	7	3
431	12000	7	6
431	12001	7	6
431	12004	7	5
431	12006	7	2
431	12008	7	1
431	12009	7	1
431	12011	7	2
431	12014	7	1
431	12015	7	1
431	12016	7	1
431	12017	7	1
432	11997	7	1
432	12000	7	2
432	12001	7	3
432	12015	7	1
432	12016	7	2
433	11996	7	2
433	11998	7	1
433	12000	7	5
433	12001	7	18
433	12002	7	1
433	12006	7	1
433	12015	7	1
433	12016	7	2
434	11997	7	1
434	12000	7	1
434	12034	7	1
436	11997	7	1
436	11998	7	1
436	12001	7	1
436	12004	7	1
436	12006	7	1
436	12008	7	1
436	12010	7	1
436	12016	7	1
437	11997	7	1
437	11998	7	1
437	12000	7	2
437	12001	7	1
437	12004	7	1
437	12008	7	1
437	12011	7	1
437	12016	7	1
439	11997	7	2
439	12000	7	2
439	12004	7	2
439	12008	7	1
439	12011	7	2
441	12000	7	3
441	12001	7	4
441	12006	7	3
441	12027	7	2
442	11997	7	3
442	11998	7	1
442	12000	7	3
442	12001	7	1
442	12004	7	2
442	12008	7	3
442	12011	7	1
442	12030	7	1
443	11997	7	1
443	12000	7	1
443	12001	7	1
443	12004	7	1
443	12008	7	1
443	12011	7	1
443	12017	7	1
444	11997	7	5
444	12000	7	5
444	12001	7	2
444	12004	7	5
444	12007	7	1
444	12008	7	3
444	12011	7	3
444	12026	7	2
444	12029	7	1
445	11997	7	1
445	12000	7	1
445	12004	7	1
445	12016	7	1
446	11997	7	2
448	11997	7	2
448	12000	7	2
448	12001	7	2
448	12004	7	2
448	12008	7	2
448	12011	7	2
448	12016	7	1
448	12017	7	1
449	11999	7	2
449	12000	7	2
449	12001	7	2
449	12004	7	2
449	12006	7	2
449	12008	7	1
449	12014	7	1
449	12017	7	1
450	11997	7	1
450	12000	7	1
450	12004	7	1
450	12008	7	1
451	11998	7	2
451	12000	7	2
451	12001	7	1
454	11997	7	4
454	11998	7	1
454	12000	7	3
454	12001	7	1
454	12004	7	4
454	12008	7	2
454	12011	7	3
454	12016	7	1
455	11997	7	3
455	12000	7	2
455	12004	7	3
455	12008	7	1
455	12011	7	2
457	11997	7	1
457	12000	7	1
457	12004	7	1
457	12008	7	1
458	11997	7	4
458	11998	7	1
458	12000	7	4
458	12001	7	2
458	12004	7	4
458	12008	7	4
458	12010	7	1
458	12011	7	2
458	12015	7	1
458	12016	7	1
459	12001	7	1
460	11997	7	2
460	11998	7	1
460	11999	7	1
460	12000	7	1
460	12001	7	1
460	12004	7	1
460	12008	7	1
460	12010	7	1
460	12011	7	2
460	12015	7	1
460	12020	7	2
460	12028	7	1
460	12035	7	1
461	11996	7	2
461	11999	7	1
461	12000	7	2
461	12001	7	2
461	12006	7	2
462	11997	7	2
462	12000	7	2
462	12001	7	2
462	12004	7	2
462	12008	7	2
462	12011	7	1
462	12026	7	2
462	12029	7	1
463	11997	7	2
463	11998	7	1
463	12000	7	1
463	12008	7	1
463	12010	7	1
465	11997	7	1
465	12000	7	1
465	12001	7	1
465	12004	7	1
465	12008	7	1
465	12011	7	1
465	12026	7	1
465	12029	7	1
466	11997	7	1
466	11999	7	1
466	12000	7	1
466	12001	7	1
466	12004	7	1
466	12011	7	1
466	12020	7	1
468	12001	7	1
468	12015	7	1
469	11996	7	1
469	12000	7	2
469	12001	7	4
469	12006	7	1
471	12001	7	1
472	11997	7	1
472	12000	7	1
472	12001	7	1
472	12004	7	1
472	12011	7	1
473	11997	7	2
473	12003	7	2
474	11998	7	1
474	12000	7	1
474	12001	7	1
474	12027	7	1
475	11997	7	1
475	12000	7	1
475	12004	7	1
475	12008	7	1
476	11997	7	1
476	12000	7	1
476	12001	7	1
476	12004	7	1
476	12011	7	1
477	11996	7	1
477	11997	7	5
477	11999	7	1
477	12000	7	6
477	12001	7	6
477	12004	7	6
477	12006	7	2
477	12008	7	3
477	12010	7	2
477	12011	7	1
477	12016	7	2
477	12017	7	1
478	11996	7	1
478	11998	7	2
478	12000	7	2
478	12001	7	2
478	12006	7	1
478	12027	7	2
479	11996	7	1
479	12000	7	1
479	12001	7	1
479	12006	7	1
480	11996	7	2
480	11999	7	1
480	12000	7	2
480	12001	7	2
480	12006	7	2
481	11996	7	1
481	12001	7	1
483	11997	7	1
483	11998	7	1
483	12000	7	2
483	12001	7	2
483	12016	7	1
484	12001	7	1
485	11997	7	2
485	12000	7	2
485	12004	7	2
485	12008	7	1
485	12011	7	2
486	12001	7	6
486	12004	7	1
486	12006	7	1
486	12011	7	1
486	12015	7	1
486	12026	7	1
488	12001	7	1
489	11996	7	1
489	12000	7	1
489	12001	7	1
489	12006	7	1
491	11996	7	2
491	11999	7	1
491	12000	7	2
491	12001	7	2
491	12006	7	2
491	12015	7	1
492	11996	7	1
492	12001	7	1
492	12006	7	1
493	11997	7	1
494	11997	7	1
494	12000	7	1
494	12004	7	1
494	12008	7	1
495	11996	7	2
495	11997	7	1
495	11998	7	1
495	11999	7	1
495	12000	7	3
495	12001	7	3
495	12006	7	2
495	12008	7	1
495	12010	7	1
495	12011	7	1
495	12020	7	1
496	11997	7	2
496	11999	7	3
496	12000	7	3
496	12001	7	4
496	12004	7	2
496	12010	7	1
496	12011	7	2
496	12015	7	1
496	12018	7	1
496	12020	7	1
497	11997	7	1
497	12000	7	1
497	12001	7	1
497	12004	7	1
497	12008	7	1
497	12011	7	1
497	12026	7	1
497	12029	7	1
498	11997	7	1
498	12000	7	1
498	12004	7	1
499	11997	7	3
499	11998	7	1
499	12000	7	4
499	12001	7	6
499	12007	7	1
499	12010	7	1
499	12014	7	1
499	12015	7	2
499	12016	7	1
499	12020	7	1
500	12001	7	1
502	11997	7	1
502	12000	7	1
502	12006	7	1
502	12011	7	1
503	12001	7	1
504	12000	7	1
504	12001	7	2
505	12000	7	1
505	12001	7	2
505	12015	7	2
505	12016	7	1
506	11997	7	3
506	12000	7	5
506	12001	7	1
506	12004	7	5
506	12008	7	1
506	12011	7	1
507	11996	7	2
507	12000	7	2
507	12001	7	2
507	12002	7	1
507	12006	7	1
508	11997	7	1
508	11998	7	1
508	12001	7	1
508	12010	7	1
508	12013	7	1
509	11996	7	1
509	11997	7	2
509	11999	7	1
509	12000	7	4
509	12001	7	3
509	12004	7	1
509	12006	7	1
509	12010	7	1
509	12011	7	2
509	12012	7	1
509	12033	7	1
511	11997	7	1
511	11998	7	2
511	11999	7	1
511	12000	7	3
511	12001	7	2
511	12004	7	1
511	12011	7	1
511	12020	7	1
514	11997	7	2
514	12000	7	2
514	12001	7	1
514	12004	7	1
514	12008	7	1
516	11996	7	2
516	11999	7	1
516	12000	7	2
516	12001	7	2
516	12006	7	2
518	12001	7	1
520	11997	7	3
520	12000	7	3
520	12001	7	1
520	12004	7	3
520	12011	7	1
521	11997	7	6
521	12000	7	3
521	12001	7	2
521	12004	7	2
521	12006	7	1
521	12008	7	2
521	12010	7	1
521	12015	7	1
522	11997	7	1
522	11998	7	1
522	12001	7	1
522	12004	7	1
522	12006	7	1
522	12008	7	1
522	12010	7	1
522	12016	7	1
523	11997	7	7
523	11998	7	1
523	11999	7	3
523	12000	7	4
523	12001	7	1
523	12004	7	1
523	12008	7	1
523	12010	7	1
523	12011	7	2
523	12015	7	1
523	12018	7	2
523	12020	7	13
523	12028	7	3
523	12035	7	1
524	11997	7	6
524	12000	7	8
524	12001	7	4
524	12004	7	8
524	12007	7	1
524	12008	7	4
524	12011	7	3
524	12016	7	1
524	12017	7	1
524	12026	7	1
526	11996	7	1
526	11997	7	1
526	11998	7	1
526	12001	7	2
526	12006	7	1
528	11996	7	1
528	11997	7	1
528	12001	7	2
529	11997	7	4
529	12000	7	4
529	12001	7	1
529	12004	7	3
529	12008	7	2
529	12011	7	1
529	12017	7	2
530	11997	7	1
530	12001	7	1
532	11996	7	1
532	12001	7	3
534	11997	7	3
534	12000	7	3
534	12001	7	1
534	12004	7	3
534	12011	7	1
535	12001	7	1
536	12001	7	1
536	12011	7	1
537	11997	7	2
537	12000	7	5
537	12001	7	4
537	12006	7	3
537	12011	7	2
537	12018	7	1
537	12027	7	2
538	12001	7	1
539	11997	7	1
539	12000	7	1
539	12001	7	1
540	12001	7	1
541	11997	7	3
541	12000	7	3
541	12001	7	3
541	12004	7	2
541	12007	7	1
541	12008	7	2
541	12010	7	1
541	12011	7	1
541	12016	7	3
541	12017	7	1
542	11996	7	1
542	12000	7	1
542	12001	7	1
542	12011	7	1
543	11999	7	2
543	12000	7	2
543	12001	7	2
543	12004	7	2
543	12006	7	1
543	12009	7	1
543	12011	7	1
544	11999	7	3
544	12000	7	3
544	12001	7	3
544	12004	7	3
544	12006	7	2
544	12008	7	1
544	12009	7	1
544	12011	7	1
544	12014	7	1
544	12017	7	1
545	12030	7	1
546	11996	7	2
546	11997	7	3
546	11999	7	1
546	12000	7	2
546	12001	7	7
546	12002	7	1
546	12004	7	1
546	12006	7	1
546	12011	7	1
546	12015	7	1
546	12016	7	1
548	12000	7	2
548	12001	7	2
548	12006	7	1
548	12027	7	1
549	11999	7	3
549	12000	7	3
549	12001	7	3
549	12004	7	3
549	12006	7	2
549	12008	7	1
549	12009	7	1
549	12011	7	1
549	12014	7	1
549	12017	7	1
550	11998	7	1
550	12000	7	4
550	12001	7	6
550	12006	7	1
550	12007	7	1
550	12010	7	1
550	12016	7	2
552	11997	7	2
552	12000	7	2
552	12001	7	3
552	12004	7	1
552	12008	7	1
552	12010	7	1
552	12015	7	1
552	12016	7	1
553	12001	7	5
553	12004	7	2
553	12006	7	2
553	12011	7	2
553	12015	7	2
553	12026	7	1
554	11997	7	1
554	12001	7	2
554	12004	7	2
554	12006	7	1
554	12011	7	1
554	12015	7	1
554	12016	7	1
557	11997	7	1
557	12000	7	1
557	12001	7	1
557	12004	7	1
557	12008	7	1
559	11997	7	1
559	12000	7	1
559	12004	7	1
559	12008	7	1
560	11997	7	1
560	11998	7	1
560	12008	7	1
560	12010	7	1
561	11997	7	5
561	12000	7	5
561	12001	7	5
561	12004	7	4
561	12008	7	3
561	12010	7	1
561	12011	7	1
561	12015	7	4
561	12016	7	1
561	12026	7	1
564	11997	7	15
564	11998	7	1
564	11999	7	2
564	12000	7	19
564	12001	7	10
564	12004	7	19
564	12006	7	1
564	12008	7	10
564	12009	7	1
564	12011	7	9
564	12014	7	1
564	12016	7	3
564	12017	7	3
564	12026	7	2
564	12029	7	1
565	12001	7	2
565	12006	7	2
565	12015	7	1
566	11997	7	2
566	12000	7	2
566	12001	7	1
566	12004	7	2
566	12011	7	1
567	11997	7	6
567	11998	7	1
567	11999	7	3
567	12000	7	9
567	12001	7	8
567	12004	7	9
567	12006	7	2
567	12008	7	7
567	12009	7	1
567	12011	7	5
567	12014	7	1
567	12016	7	1
567	12017	7	3
567	12026	7	2
567	12029	7	1
569	11997	7	7
569	11999	7	2
569	12000	7	11
569	12001	7	7
569	12004	7	11
569	12006	7	1
569	12008	7	6
569	12009	7	1
569	12010	7	1
569	12011	7	3
569	12014	7	1
569	12015	7	1
569	12017	7	2
569	12026	7	1
570	11997	7	1
570	11999	7	2
570	12000	7	3
570	12001	7	2
570	12004	7	2
570	12006	7	2
570	12008	7	2
570	12014	7	1
570	12017	7	1
570	12019	7	1
571	11996	7	1
571	12001	7	1
572	12001	7	1
572	12004	7	1
572	12011	7	1
572	12015	7	1
573	11997	7	1
573	11998	7	2
573	11999	7	1
573	12000	7	3
573	12001	7	8
573	12004	7	5
573	12006	7	1
573	12008	7	1
573	12010	7	1
573	12011	7	3
573	12015	7	2
573	12020	7	1
573	12026	7	1
573	12028	7	1
573	12035	7	1
574	11997	7	1
574	11998	7	1
574	11999	7	2
574	12000	7	3
574	12001	7	3
574	12004	7	2
574	12006	7	1
574	12011	7	1
574	12020	7	1
575	11997	7	4
575	12000	7	4
575	12001	7	4
575	12004	7	3
575	12008	7	3
575	12011	7	1
575	12016	7	1
575	12026	7	1
576	12001	7	1
579	12000	7	1
579	12001	7	6
579	12006	7	5
579	12011	7	1
579	12037	7	1
580	11997	7	1
580	11998	7	3
580	11999	7	1
580	12000	7	5
580	12001	7	3
580	12004	7	2
580	12006	7	1
580	12008	7	1
580	12010	7	1
580	12014	7	1
580	12016	7	1
580	12017	7	1
581	11997	7	5
581	11998	7	1
581	11999	7	1
581	12000	7	5
581	12001	7	2
581	12004	7	1
581	12008	7	3
581	12010	7	1
581	12011	7	1
581	12018	7	1
581	12019	7	2
581	12020	7	3
581	12028	7	2
581	12035	7	1
582	12001	7	1
584	11997	7	1
584	12000	7	2
584	12001	7	2
584	12015	7	1
584	12016	7	2
585	11997	7	4
585	11998	7	2
585	12000	7	4
585	12001	7	1
585	12002	7	1
585	12004	7	3
585	12008	7	3
585	12010	7	1
585	12011	7	2
585	12015	7	1
585	12018	7	1
585	12019	7	1
585	12030	7	1
586	11997	7	2
586	12000	7	2
586	12001	7	2
586	12004	7	2
586	12008	7	2
586	12010	7	1
586	12011	7	1
586	12016	7	2
586	12017	7	1
587	11997	7	3
587	12000	7	4
587	12001	7	1
587	12002	7	1
587	12004	7	3
587	12008	7	2
587	12010	7	1
587	12015	7	1
587	12018	7	1
587	12019	7	1
588	11997	7	17
588	11998	7	1
588	12000	7	17
588	12001	7	10
588	12004	7	17
588	12008	7	11
588	12010	7	1
588	12011	7	9
588	12016	7	3
588	12017	7	3
588	12026	7	2
588	12029	7	1
590	11997	7	1
590	11998	7	1
590	11999	7	1
590	12000	7	3
590	12001	7	4
590	12004	7	2
590	12006	7	1
590	12008	7	1
590	12010	7	1
590	12011	7	1
590	12016	7	1
590	12018	7	1
590	12020	7	1
590	12026	7	1
590	12028	7	1
590	12035	7	1
592	11997	7	2
592	12000	7	2
592	12001	7	1
592	12004	7	2
592	12008	7	2
592	12010	7	1
592	12015	7	1
593	12001	7	2
594	12000	7	1
594	12001	7	2
594	12015	7	1
594	12016	7	1
595	11997	7	2
595	11998	7	1
595	12000	7	4
595	12002	7	1
595	12004	7	1
595	12008	7	1
595	12010	7	1
595	12011	7	1
595	12015	7	1
595	12018	7	1
595	12019	7	2
596	11997	7	3
596	11998	7	1
596	11999	7	1
596	12000	7	1
596	12001	7	1
596	12004	7	1
596	12008	7	1
596	12010	7	1
596	12011	7	2
596	12015	7	1
596	12018	7	1
596	12020	7	3
596	12028	7	2
596	12035	7	1
597	11997	7	18
597	11998	7	1
597	12000	7	18
597	12001	7	10
597	12004	7	18
597	12008	7	11
597	12010	7	1
597	12011	7	9
597	12016	7	3
597	12017	7	3
597	12026	7	2
597	12029	7	1
599	11997	7	2
599	12000	7	2
599	12001	7	1
599	12004	7	2
599	12008	7	2
599	12010	7	1
599	12015	7	1
600	12001	7	1
601	11997	7	2
601	11998	7	1
601	11999	7	2
601	12000	7	2
601	12001	7	1
601	12004	7	1
601	12008	7	1
601	12010	7	1
601	12011	7	1
601	12020	7	2
601	12028	7	2
601	12035	7	1
602	12000	7	1
603	11997	7	2
603	12000	7	2
603	12001	7	1
603	12004	7	2
603	12008	7	2
603	12010	7	1
603	12015	7	1
606	11997	7	2
606	12000	7	2
606	12001	7	1
606	12004	7	2
606	12008	7	2
606	12010	7	1
606	12015	7	1
607	11997	7	5
607	11998	7	1
607	11999	7	3
607	12000	7	4
607	12001	7	1
607	12004	7	1
607	12008	7	1
607	12010	7	1
607	12011	7	1
607	12018	7	2
607	12020	7	11
607	12028	7	3
607	12035	7	1
609	11996	7	1
609	12000	7	1
609	12001	7	1
609	12006	7	1
610	11997	7	1
610	12000	7	1
610	12001	7	1
610	12016	7	1
611	11997	7	1
611	12000	7	1
611	12018	7	1
612	11997	7	1
612	11998	7	1
612	12000	7	1
612	12004	7	1
612	12006	7	1
612	12008	7	1
612	12034	7	1
613	11997	7	1
613	11998	7	1
613	12000	7	3
613	12001	7	1
613	12004	7	1
613	12008	7	1
613	12011	7	1
613	12016	7	1
614	11997	7	1
614	12000	7	1
614	12004	7	1
614	12008	7	1
615	11997	7	1
615	11998	7	1
615	12000	7	1
615	12001	7	1
616	11997	7	21
616	11998	7	1
616	11999	7	1
616	12000	7	24
616	12001	7	12
616	12004	7	24
616	12008	7	12
616	12010	7	1
616	12011	7	12
616	12016	7	3
616	12017	7	3
616	12020	7	1
616	12026	7	2
616	12029	7	1
617	11996	7	1
617	11997	7	3
617	11998	7	1
617	12000	7	4
617	12001	7	1
617	12004	7	2
617	12006	7	1
617	12008	7	1
617	12019	7	1
617	12027	7	1
618	11998	7	1
618	11999	7	1
618	12001	7	2
618	12004	7	1
618	12018	7	1
621	11997	7	3
621	12000	7	3
621	12001	7	2
621	12004	7	2
621	12008	7	1
621	12011	7	2
621	12016	7	1
622	11996	7	1
622	11997	7	3
622	11999	7	1
622	12000	7	2
622	12001	7	1
622	12004	7	1
622	12006	7	1
622	12008	7	1
622	12014	7	1
623	11997	7	1
623	11998	7	1
623	11999	7	1
623	12000	7	3
623	12001	7	4
623	12004	7	2
623	12006	7	1
623	12008	7	1
623	12010	7	1
623	12011	7	1
623	12016	7	1
623	12018	7	1
623	12020	7	1
623	12026	7	1
623	12028	7	1
623	12035	7	1
624	11997	7	20
624	11998	7	1
624	11999	7	1
624	12000	7	23
624	12001	7	11
624	12004	7	23
624	12008	7	11
624	12010	7	1
624	12011	7	12
624	12016	7	3
624	12017	7	3
624	12020	7	1
624	12026	7	2
624	12029	7	1
625	11997	7	1
625	11998	7	1
625	12010	7	1
625	12013	7	1
626	11996	7	1
626	11997	7	3
626	11999	7	2
626	12000	7	5
626	12001	7	4
626	12004	7	5
626	12006	7	1
626	12008	7	3
626	12009	7	1
626	12011	7	2
626	12014	7	1
626	12017	7	3
627	11996	7	2
627	12000	7	2
627	12001	7	2
627	12002	7	1
627	12006	7	1
628	11998	7	1
628	11999	7	1
628	12001	7	2
628	12004	7	1
628	12018	7	1
630	11997	7	1
630	12033	7	1
631	11996	7	2
631	11997	7	2
631	12000	7	4
631	12001	7	10
631	12003	7	5
632	12001	7	1
633	11997	7	1
633	12000	7	1
633	12004	7	1
633	12008	7	1
634	11996	7	1
634	12001	7	1
637	11996	7	5
637	11997	7	4
637	12000	7	7
637	12001	7	8
638	11997	7	3
638	12000	7	3
638	12008	7	3
638	12019	7	3
639	12001	7	1
640	12001	7	1
641	11997	7	2
641	12000	7	2
641	12001	7	1
641	12004	7	2
641	12008	7	2
641	12010	7	1
641	12015	7	1
643	12000	7	1
643	12001	7	1
643	12015	7	1
643	12016	7	1
644	12001	7	1
644	12026	7	1
645	12001	7	1
650	11997	7	3
650	12000	7	3
650	12004	7	2
650	12008	7	1
650	12019	7	1
651	12001	7	1
652	12000	7	1
652	12001	7	4
652	12020	7	1
654	11997	7	1
654	11998	7	1
654	11999	7	1
654	12000	7	3
654	12001	7	4
654	12004	7	3
654	12006	7	2
654	12008	7	2
654	12014	7	1
654	12017	7	1
654	12026	7	1
654	12027	7	1
655	11996	7	1
655	11998	7	1
655	11999	7	1
655	12000	7	1
655	12001	7	2
655	12018	7	1
656	12001	7	1
656	12004	7	1
656	12011	7	1
656	12015	7	1
658	11997	7	3
658	11998	7	2
658	11999	7	1
658	12008	7	1
658	12010	7	2
658	12013	7	2
658	12026	7	1
659	12000	7	1
659	12001	7	2
659	12004	7	1
659	12010	7	1
659	12023	7	1
659	12024	7	1
660	11998	7	1
660	12000	7	1
660	12001	7	1
660	12027	7	1
661	11997	7	4
661	11999	7	1
661	12000	7	4
661	12001	7	2
661	12002	7	1
661	12004	7	3
661	12008	7	1
661	12010	7	2
661	12015	7	1
661	12018	7	2
661	12019	7	1
662	11997	7	3
662	12000	7	3
662	12001	7	1
662	12004	7	3
662	12011	7	1
663	11997	7	1
663	12000	7	1
663	12004	7	1
663	12008	7	1
667	11997	7	1
667	12000	7	2
667	12001	7	2
667	12006	7	1
667	12011	7	1
667	12012	7	1
667	12027	7	1
667	12033	7	1
668	11997	7	6
668	11998	7	1
668	11999	7	3
668	12000	7	4
668	12001	7	1
668	12004	7	1
668	12008	7	1
668	12010	7	1
668	12011	7	1
668	12018	7	2
668	12020	7	12
668	12028	7	3
668	12035	7	1
669	11996	7	2
669	11997	7	3
669	11999	7	3
669	12000	7	8
669	12001	7	7
669	12002	7	1
669	12004	7	7
669	12006	7	4
669	12008	7	2
669	12009	7	1
669	12011	7	4
669	12014	7	1
669	12017	7	1
669	12026	7	1
669	12029	7	1
671	11997	7	3
671	12000	7	5
671	12001	7	1
671	12004	7	5
671	12008	7	1
671	12011	7	1
672	11997	7	6
672	11998	7	1
672	11999	7	3
672	12000	7	4
672	12001	7	1
672	12004	7	1
672	12008	7	1
672	12010	7	1
672	12011	7	1
672	12018	7	2
672	12020	7	12
672	12028	7	3
672	12035	7	1
675	11997	7	1
675	12000	7	2
676	11997	7	1
676	12004	7	1
677	11997	7	4
677	11998	7	1
677	12000	7	4
677	12001	7	4
677	12004	7	4
677	12008	7	3
677	12011	7	4
677	12016	7	2
677	12017	7	1
678	11997	7	3
678	12000	7	3
678	12001	7	3
678	12004	7	3
678	12008	7	3
678	12011	7	2
678	12016	7	1
678	12017	7	1
680	12000	7	3
680	12001	7	3
680	12006	7	3
680	12027	7	2
682	11997	7	1
682	12000	7	1
682	12001	7	1
682	12004	7	1
682	12008	7	1
683	12001	7	1
683	12004	7	1
683	12006	7	1
684	12001	7	1
685	11997	7	2
685	12000	7	2
685	12001	7	1
685	12004	7	2
685	12008	7	2
685	12010	7	1
685	12015	7	1
686	11997	7	1
686	11998	7	1
686	11999	7	2
686	12000	7	3
686	12001	7	3
686	12004	7	3
686	12006	7	1
686	12008	7	1
686	12009	7	1
686	12010	7	1
686	12011	7	1
686	12014	7	1
686	12016	7	1
686	12017	7	1
689	11998	7	1
689	12000	7	1
689	12001	7	1
689	12016	7	1
690	12000	7	1
690	12001	7	1
691	11997	7	4
691	11998	7	1
691	11999	7	3
691	12000	7	6
691	12001	7	4
691	12004	7	5
691	12006	7	1
691	12008	7	4
691	12009	7	1
691	12011	7	3
691	12014	7	1
691	12017	7	1
691	12020	7	1
691	12030	7	1
692	11997	7	1
692	12000	7	1
692	12001	7	1
693	11997	7	2
693	12000	7	2
693	12014	7	1
694	11997	7	17
694	11998	7	1
694	12000	7	18
694	12001	7	8
694	12004	7	18
694	12008	7	11
694	12010	7	2
694	12011	7	8
694	12015	7	1
694	12016	7	4
694	12017	7	3
694	12026	7	2
694	12029	7	1
695	11997	7	1
695	11998	7	1
695	12000	7	1
695	12001	7	1
696	11997	7	3
696	11998	7	1
696	12000	7	3
696	12001	7	1
696	12004	7	2
696	12008	7	3
696	12011	7	1
696	12030	7	1
697	12001	7	1
697	12020	7	1
698	11996	7	1
698	12001	7	1
700	11997	7	1
700	11998	7	1
700	12001	7	1
700	12004	7	1
700	12011	7	1
702	11997	7	1
702	12000	7	1
702	12001	7	1
702	12004	7	1
702	12008	7	1
703	11997	7	2
703	12000	7	2
703	12001	7	2
703	12004	7	2
703	12008	7	2
703	12011	7	1
703	12026	7	2
703	12029	7	1
704	11997	7	2
704	11998	7	1
704	12000	7	2
704	12001	7	1
704	12004	7	1
704	12008	7	2
704	12011	7	1
704	12030	7	1
707	12001	7	1
